#ell_a	ell_b	ell_c	ell_x	ell_y	ell_z	a_x	a_y	a_z	b_x	b_y	b_z	c_x	c_y	c_z	ell_t	index
5.683950	5.739690	5.799140	4.840620	5.341800	10.276300	-0.704962	-0.079516	-0.704774	-0.507248	-0.637994	0.579364	-0.495710	0.765925	0.409427	2	1
0.235153	0.254343	0.532974	4.099680	5.012240	8.280670	0.728599	-0.653220	0.206026	-0.683985	-0.678012	0.269190	-0.036152	-0.337051	-0.940792	-1	619
0.174316	0.273268	0.380492	4.267910	5.379650	8.200240	0.878181	-0.211844	-0.428860	0.152655	0.973819	-0.168443	0.453315	0.082456	0.887528	1	627
0.153852	0.253461	0.308231	6.305570	3.773100	8.282000	0.932701	0.350259	0.085953	0.262973	-0.823590	0.502539	0.246809	-0.446115	-0.860272	1	700
0.175828	0.261158	0.382267	6.458130	5.112850	8.237950	0.978046	0.182473	-0.100646	0.086832	-0.795899	-0.599170	-0.189437	0.577277	-0.794270	2	702
0.202341	0.306184	0.435682	5.679090	4.423560	8.223090	0.867117	-0.460451	0.189983	-0.401234	-0.871691	-0.281366	0.295162	0.167750	-0.940606	1	712
0.162651	0.278141	0.470867	2.971380	4.608090	8.272460	-0.334432	-0.746555	-0.575162	-0.469202	0.661185	-0.585392	0.817316	0.074094	-0.571406	2	724
0.189062	0.278112	0.335173	2.921500	6.817410	8.261450	-0.323110	0.937203	-0.131344	0.586475	0.307223	0.749441	0.742730	0.165122	-0.648913	1	736
0.188843	0.241085	0.355966	4.595640	7.196700	8.270710	0.836758	0.272679	-0.474849	-0.162264	0.951718	0.260583	0.522978	-0.140994	0.840604	-1	749
0.143605	0.227591	0.361238	6.579740	4.780940	8.311700	0.813820	-0.380331	-0.439370	-0.136358	-0.859949	0.491828	-0.564892	-0.340348	-0.751705	2	755
0.141800	0.275412	0.293315	6.221430	5.493580	8.324180	0.950985	-0.305429	0.048384	-0.301804	-0.950794	-0.070040	0.067396	0.052005	-0.996370	1	758
0.107245	0.198851	0.290318	4.160240	7.131790	8.330780	0.892151	0.440851	0.098579	0.277689	-0.707322	0.650065	0.356309	-0.552582	-0.753457	1	767
0.212071	0.262420	0.412359	3.605010	4.290430	8.343800	0.496616	-0.747539	-0.441088	-0.774522	-0.152282	-0.613943	0.391776	0.646526	-0.654611	-1	776
0.182127	0.280855	0.358059	5.657790	4.749730	8.308730	0.993893	0.086631	0.068353	0.022539	-0.765737	0.642759	0.108023	-0.637293	-0.763013	1	777
0.193808	0.211116	0.327353	4.427520	4.182050	8.324920	0.975033	-0.090092	0.202963	0.076260	0.994264	0.074985	-0.208554	-0.057635	0.976311	-1	790
0.256858	0.287636	0.427532	7.240920	4.983490	8.333330	0.979162	0.112401	0.169138	0.173481	-0.895931	-0.408915	0.105573	0.429736	-0.896761	-1	791
0.138361	0.264530	0.291966	4.870680	6.116940	8.341460	-0.430804	-0.866734	0.251358	-0.900741	0.395863	-0.178770	0.055443	-0.303423	-0.951241	1	794
0.164384	0.193376	0.422425	3.379820	7.800540	8.328410	0.414430	0.767523	0.489035	0.836159	-0.108986	-0.537550	-0.359284	0.631688	-0.686939	-1	801
0.092626	0.170706	0.299620	3.254450	4.801030	8.355610	0.727005	0.429984	-0.535330	-0.579440	0.802489	-0.142340	0.368392	0.413674	0.832563	2	807
0.215592	0.242767	0.346904	3.535810	5.870650	8.313920	0.941506	-0.336996	0.000692	-0.012936	-0.034089	0.999335	-0.336748	-0.940889	-0.036455	-1	815
0.226519	0.306482	0.470924	6.844180	7.006220	8.353320	0.663801	0.712281	0.228086	0.710942	-0.506241	-0.488141	-0.232227	0.486184	-0.842434	-1	818
0.095457	0.187124	0.235390	3.175940	3.618760	8.349150	0.988700	-0.106889	0.105109	-0.045448	-0.881866	-0.469305	0.142856	0.459224	-0.876758	1	824
0.175300	0.184194	0.333059	3.372600	4.450710	8.346060	0.629148	-0.771178	-0.097251	-0.758773	-0.582194	-0.292084	0.168630	0.257555	-0.951435	-1	825
0.179910	0.300083	0.344749	6.748530	5.309300	8.349410	0.215240	-0.969208	-0.119611	-0.586871	-0.030478	-0.809107	0.780548	0.244348	-0.575360	1	829
0.117192	0.182687	0.260901	3.630370	5.520740	8.360940	-0.642310	0.003176	0.766439	0.407592	-0.845451	0.345083	0.649082	0.534044	0.541747	2	830
0.168211	0.253374	0.373911	4.045990	5.787660	8.348740	0.643476	0.741844	0.188694	0.544113	-0.616671	0.568910	0.538405	-0.263409	-0.800460	2	831
0.084438	0.180788	0.300540	5.107680	4.207550	8.400170	-0.669441	-0.565874	-0.481286	0.451595	-0.824418	0.341171	-0.589840	0.011048	0.807444	1	838
0.246393	0.291419	0.400046	5.184900	6.800180	8.318980	0.603989	-0.659139	0.448033	-0.723104	-0.216819	0.655828	-0.335139	-0.720087	-0.607582	-1	844
0.217235	0.248631	0.393600	4.410120	5.590820	8.384290	0.596097	0.747232	-0.293790	0.789269	-0.478167	0.385241	0.147383	-0.461521	-0.874801	-1	854
0.186256	0.229547	0.275031	6.601990	7.646950	8.310170	-0.026405	0.730438	-0.682469	-0.568527	-0.572518	-0.590762	-0.822241	0.372403	0.430391	2	857
0.160215	0.213787	0.318410	3.551430	3.410770	8.371890	0.299168	-0.937279	-0.178901	-0.444681	-0.302832	0.842942	-0.844249	-0.172628	-0.507388	-1	860
0.240663	0.294789	0.390630	6.410450	4.838520	8.390280	0.034247	-0.898650	0.437327	0.945472	-0.112684	-0.305591	0.323899	0.423946	0.845789	-1	863
0.143498	0.199991	0.270025	6.836450	5.085640	8.335440	0.782342	-0.189200	0.593417	0.448678	0.832015	-0.326250	-0.432005	0.521492	0.735811	2	865
0.221348	0.262107	0.325694	5.441690	5.427380	8.359140	0.994688	0.071889	-0.073676	0.012981	-0.797623	-0.603017	-0.102115	0.598857	-0.794319	2	866
0.134213	0.246149	0.296144	5.661190	5.438430	8.406110	-0.272540	0.927411	0.256186	-0.961733	-0.270377	-0.044345	0.028141	-0.258468	0.965610	1	867
0.118885	0.228266	0.239928	5.112170	6.070530	8.357080	-0.709509	0.361287	0.605036	0.674204	0.098189	0.731989	0.205050	0.927270	-0.313248	1	869
0.136589	0.205550	0.441117	4.985450	6.655300	8.452800	0.911061	-0.410690	-0.036073	-0.375019	-0.861907	0.341287	-0.171255	-0.297406	-0.939267	-1	872
0.141213	0.191879	0.390868	3.186640	6.862070	8.367770	-0.585697	0.749707	0.308056	-0.759844	-0.640161	0.113272	0.282127	-0.167732	0.944601	-1	874
0.190728	0.270953	0.583572	4.961280	7.141190	8.261920	-0.304543	0.555793	0.773530	-0.948542	-0.250912	-0.193161	0.086730	-0.792551	0.603606	-1	875
0.226775	0.253777	0.497389	5.978340	7.305720	8.307280	0.946692	-0.310581	0.085517	0.051503	-0.116125	-0.991898	0.317996	0.943427	-0.093939	-1	876
0.117616	0.197098	0.254550	4.488330	3.673890	8.354830	-0.253250	0.633846	0.730824	-0.906220	-0.419829	0.050089	0.338570	-0.649602	0.680726	1	879
0.273082	0.323173	0.425676	4.499200	5.213360	8.385990	-0.414197	-0.717367	0.560201	0.905033	-0.390009	0.169729	0.096725	0.577302	0.810782	-1	881
0.152640	0.232326	0.351668	7.238720	5.369280	8.391130	0.939054	-0.342108	0.033759	-0.300449	-0.769031	0.564201	-0.167055	-0.539958	-0.824947	2	883
0.115440	0.205925	0.252621	4.998480	6.200450	8.379140	0.548539	0.818061	0.172860	-0.807374	0.571982	-0.144859	-0.217376	-0.060102	0.974236	1	885
0.190885	0.249302	0.274736	5.922370	3.441800	8.345800	0.831604	0.552120	-0.059984	0.154785	-0.334145	-0.929725	-0.533363	0.763879	-0.363336	1	894
0.191565	0.248657	0.361551	4.485470	3.432450	8.386580	0.947147	0.319584	-0.027910	0.194981	-0.642576	-0.740998	-0.254746	0.696392	-0.670927	-1	895
0.233014	0.302539	0.383017	4.003590	4.161210	8.380450	0.420574	-0.379581	-0.824036	-0.607802	0.556438	-0.566527	0.673568	0.739118	0.003313	2	896
0.183514	0.242997	0.290339	4.196200	4.430290	8.343540	-0.659585	0.389558	0.642800	0.666802	-0.091406	0.739608	0.346876	0.916455	-0.199467	1	898
0.118111	0.178928	0.304550	7.140960	4.743130	8.418850	-0.078449	-0.986800	0.141675	-0.926570	0.124611	0.354881	-0.367851	-0.103432	-0.924115	-1	899
0.198310	0.274610	0.313665	3.713890	5.294600	8.369500	0.782182	0.618537	0.074850	-0.608503	0.784195	-0.121500	-0.133849	0.049489	0.989765	1	900
0.106363	0.224429	0.237893	5.214230	5.297700	8.375830	0.167065	-0.980364	-0.104763	0.498418	0.175656	-0.848955	0.850687	0.089615	0.517977	1	901
0.222937	0.303813	0.328204	7.030600	5.308120	8.432460	0.269904	0.924479	0.269240	-0.944354	0.308748	-0.113451	-0.188010	-0.223637	0.956367	1	902
0.099293	0.237088	0.297196	3.940760	7.383520	8.404450	0.237199	-0.970780	-0.036384	-0.365716	-0.054536	-0.929127	0.899994	0.233694	-0.367966	1	906
0.123892	0.179316	0.327278	4.298730	3.682600	8.384970	0.985133	-0.168733	-0.032286	-0.146186	-0.922064	0.358369	-0.090238	-0.348322	-0.933021	-1	907
0.164576	0.242359	0.369519	4.227180	4.871920	8.446450	0.856131	0.035771	0.515520	-0.273042	-0.815663	0.510042	0.438735	-0.577421	-0.688547	2	909
0.177754	0.231269	0.319306	4.792340	6.561060	8.361390	0.435204	-0.216200	-0.873988	0.898213	0.037699	0.437941	-0.061734	-0.975621	0.210600	2	912
0.154343	0.243265	0.249520	4.123420	3.632700	8.372880	-0.208911	0.159647	0.964816	0.482980	-0.841023	0.243742	0.850345	0.516907	0.098593	1	917
0.118124	0.209332	0.402447	5.317830	3.975250	8.490110	-0.514240	-0.820607	-0.249323	-0.735499	0.571481	-0.363939	0.441134	-0.003775	-0.897433	-1	918
0.186321	0.228261	0.361909	5.154810	4.517880	8.385570	0.401065	-0.913511	0.068155	-0.009639	-0.078605	-0.996859	0.915999	0.399148	-0.040331	-1	919
0.128597	0.202414	0.240379	5.725910	4.993380	8.392890	0.928352	-0.338514	-0.153531	-0.109181	-0.643166	0.757903	-0.355307	-0.686837	-0.634044	1	921
0.235048	0.345064	0.472688	4.905830	5.296840	8.353440	0.565337	-0.114537	0.816870	0.658044	0.659754	-0.362910	-0.497366	0.742702	0.448353	1	922
0.132772	0.215047	0.293011	6.110790	5.929010	8.340110	0.995026	-0.095798	-0.027302	-0.089856	-0.744895	-0.661103	0.042995	0.660268	-0.749798	1	924
0.147560	0.224825	0.317602	3.481110	6.238610	8.427230	-0.975551	0.047626	-0.214550	-0.070631	-0.992390	0.100867	-0.208114	0.113555	0.971491	2	925
0.252265	0.349776	0.431257	7.098150	6.693810	8.410560	0.692389	0.128186	0.710047	-0.670538	-0.249047	0.698824	0.266415	-0.959971	-0.086484	1	927
0.212148	0.299082	0.449428	5.533870	7.405260	8.397680	0.348615	0.928017	-0.131345	0.540482	-0.313538	-0.780752	-0.765733	0.201192	-0.610881	-1	929
0.240328	0.299179	0.308538	5.795570	7.476850	8.362950	0.670043	-0.086406	-0.737276	-0.347012	0.841542	-0.413993	0.656220	0.533237	0.533885	1	930
0.094088	0.126858	0.182023	6.951940	3.926800	8.405600	0.099470	-0.857124	-0.505414	0.876368	0.316026	-0.363465	0.471259	-0.406775	0.782591	2	935
0.173496	0.259823	0.338129	4.618990	4.272500	8.319870	0.766693	-0.543595	-0.341594	-0.179840	-0.692607	0.698536	-0.616311	-0.474130	-0.628777	1	936
0.179228	0.332743	0.499456	5.808220	5.224070	8.376510	-0.482787	0.820962	-0.304859	0.757576	0.566154	0.324881	0.439312	-0.074106	-0.895273	1	937
0.164379	0.197467	0.276396	5.836720	6.349490	8.356730	0.128284	0.209401	0.969378	-0.901925	0.431094	0.026235	-0.412400	-0.877672	0.244167	-1	941
0.153443	0.219588	0.238335	7.266280	6.411840	8.387540	-0.215154	-0.350893	-0.911363	-0.342052	0.901181	-0.266221	0.914718	0.254455	-0.313916	1	942
0.117627	0.175066	0.355719	6.424230	3.381430	8.447440	0.602923	0.737747	0.303666	0.797155	-0.541796	-0.266459	-0.032054	0.402723	-0.914760	-1	946
0.161745	0.256321	0.411029	4.133190	4.686640	8.410760	0.789000	0.500555	0.356265	0.463082	-0.103416	-0.880261	-0.403776	0.859506	-0.313393	2	947
0.152398	0.263552	0.356626	3.892880	5.151820	8.442660	-0.830688	-0.457259	-0.317603	0.388666	-0.884744	0.257229	-0.398618	0.090236	0.912667	1	948
0.134866	0.187719	0.251985	3.828690	5.869250	8.392270	0.539986	-0.114284	-0.833879	0.805750	0.356549	0.472905	0.243273	-0.927261	0.284616	2	949
0.197910	0.285123	0.349931	5.959540	6.109610	8.395060	0.050266	0.262894	0.963514	0.158813	-0.954563	0.252167	0.986028	0.140343	-0.089733	1	950
0.115711	0.223967	0.288783	5.501690	6.645490	8.458910	0.724561	0.667509	-0.171592	0.582471	-0.726154	-0.365279	-0.368429	0.164720	-0.914947	1	951
0.097828	0.176558	0.262995	6.223550	6.983730	8.406250	0.094283	-0.237844	-0.966717	-0.376415	0.890440	-0.255789	0.921641	0.388003	-0.005575	1	952
0.118341	0.160724	0.195186	3.928920	3.599750	8.429910	-0.883439	0.339544	-0.322871	-0.319411	-0.940589	-0.115190	-0.342801	0.001366	0.939407	2	953
0.079287	0.142247	0.279099	7.220270	3.772650	8.465140	-0.702839	0.530414	-0.474002	-0.647951	-0.752347	0.118882	-0.293558	0.390685	0.872461	-1	954
0.081900	0.167258	0.280948	7.075730	4.838070	8.461390	0.620945	-0.776218	-0.109142	-0.469767	-0.479973	0.740908	-0.627491	-0.408792	-0.662679	1	956
0.167518	0.244508	0.274902	4.844740	6.826280	8.433910	0.505053	0.570347	-0.647786	0.833733	-0.516478	0.195292	-0.223183	-0.638713	-0.736366	1	958
0.159562	0.255602	0.289762	7.067050	6.983620	8.410960	0.816008	0.577888	0.013261	0.237406	-0.355971	0.903838	0.527038	-0.734391	-0.427669	1	959
0.180859	0.241772	0.345366	6.620260	4.103470	8.439450	-0.031610	0.464711	-0.884898	-0.979395	-0.191086	-0.065365	-0.199467	0.864598	0.461176	2	961
0.124918	0.158968	0.268607	4.261400	4.245460	8.427960	-0.364266	-0.011068	-0.931229	0.771055	-0.564363	-0.294904	-0.522287	-0.825453	0.214112	-1	962
0.099254	0.265578	0.290455	5.781510	5.883210	8.386440	0.666783	-0.167764	-0.726123	-0.370516	0.770759	-0.518313	0.646620	0.614643	0.451770	1	964
0.126174	0.177404	0.326037	4.589370	6.429510	8.484450	-0.007762	-0.831015	-0.556196	0.941421	-0.193602	0.276124	-0.337144	-0.521471	0.783838	-1	966
0.087592	0.184976	0.318151	5.644150	6.638980	8.498710	-0.968848	0.105735	-0.223952	-0.133452	-0.984656	0.112446	-0.208626	0.138829	0.968092	1	967
0.094478	0.146418	0.340180	5.717400	6.838030	8.465800	0.731285	-0.672626	0.113120	-0.481997	-0.392273	0.783454	-0.482598	-0.627452	-0.611068	-1	968
0.154657	0.192997	0.211526	6.324940	7.404980	8.406870	-0.622133	-0.370580	0.689653	-0.594239	0.797034	-0.107780	-0.509736	-0.476872	-0.716074	1	969
0.093793	0.202130	0.329085	5.179800	7.546740	8.474990	0.936763	0.033822	-0.348326	0.291022	-0.628099	0.721664	-0.194375	-0.777398	-0.598223	1	970
0.169408	0.231611	0.312694	5.873220	3.733220	8.414610	0.951713	0.069559	-0.299003	-0.234256	-0.464941	-0.853788	-0.198408	0.882605	-0.426196	2	973
0.194844	0.330315	0.432499	6.584040	4.519190	8.422100	0.200423	0.291476	0.935346	-0.585035	0.801414	-0.124380	-0.785853	-0.522281	0.331146	1	975
0.200486	0.293429	0.608748	4.386210	4.672750	8.451780	0.348005	-0.925919	-0.146855	-0.630967	-0.115471	-0.767169	0.693378	0.359639	-0.624408	-1	976
0.091737	0.158498	0.274512	3.372630	4.683200	8.498980	0.948711	0.315858	0.013470	0.312472	-0.943312	0.111908	0.048053	-0.101959	-0.993627	2	977
0.082830	0.148234	0.185445	5.330120	4.986060	8.423350	-0.423234	-0.518174	0.743215	-0.503514	-0.547445	-0.668414	0.753224	-0.657115	-0.029211	1	978
0.177739	0.211044	0.297881	3.456480	5.603560	8.434320	0.805151	0.592234	-0.031486	0.007161	-0.062795	-0.998001	-0.593027	0.803316	-0.054800	-1	979
0.160956	0.202407	0.315967	6.873240	6.266370	8.452750	0.626990	0.778962	-0.010124	0.252676	-0.215639	-0.943215	-0.736912	0.588828	-0.332029	-1	982
0.142398	0.233407	0.314829	6.585720	7.032250	8.441030	-0.123078	0.903996	0.409442	0.287257	0.427369	-0.857227	-0.949913	0.012109	-0.312280	1	983
0.107284	0.165781	0.229901	4.742590	7.291250	8.412620	0.555379	0.793216	-0.249726	0.713804	-0.300639	0.632535	0.426659	-0.529552	-0.733169	1	984
0.206448	0.215051	0.373201	6.711730	7.442630	8.440510	0.862990	0.153157	-0.481447	-0.125927	-0.857659	-0.498562	-0.489276	0.490881	-0.720864	-1	985
0.178061	0.212132	0.426704	5.097420	7.784200	8.437530	-0.549322	-0.667758	0.502339	0.825494	-0.340400	0.450208	-0.129634	0.661987	0.738220	-1	986
0.163593	0.191305	0.224205	5.550330	3.605930	8.420570	0.666838	0.721391	0.186873	0.292066	-0.483708	0.825060	0.685583	-0.495602	-0.533249	2	988
0.168907	0.204975	0.507851	5.774320	3.899210	8.542240	0.180611	-0.968163	0.173320	-0.955593	-0.131011	0.263967	-0.232856	-0.213298	-0.948832	-1	989
0.184735	0.265529	0.420402	6.069640	3.929280	8.454760	0.169406	-0.824777	-0.539486	0.843230	-0.162057	0.512543	-0.510161	-0.541739	0.668023	-1	990
0.149064	0.220094	0.339057	5.379150	4.794730	8.534260	-0.955045	0.223582	-0.194682	-0.222419	-0.974546	-0.028100	-0.196009	0.016464	0.980464	2	991
0.243950	0.292501	0.464245	3.578520	4.842810	8.463870	0.666030	-0.579745	-0.469361	0.514357	0.812659	-0.273900	0.540223	-0.058994	0.839451	-1	992
0.153884	0.231520	0.321140	3.372860	4.978790	8.469880	-0.587301	0.764208	-0.266578	-0.807717	-0.574432	0.132747	-0.051685	0.293282	0.954628	1	993
0.095579	0.178029	0.249366	4.388850	5.801040	8.479420	-0.492022	0.854228	0.167953	0.802187	0.519805	-0.293766	-0.338246	-0.009810	-0.941007	1	995
0.161273	0.386948	0.415962	3.705170	6.027740	8.492410	0.018728	-0.941250	-0.337191	-0.001303	0.337227	-0.941422	0.999824	0.018071	0.005089	1	996
0.203894	0.246047	0.296821	7.137580	6.209020	8.454480	-0.133898	0.010007	0.990945	0.974435	0.183369	0.129816	-0.180409	0.982993	-0.034304	2	997
0.138756	0.199572	0.325537	6.602440	6.348890	8.416020	0.494688	0.255260	0.830739	-0.533299	0.843918	0.058260	-0.686204	-0.471853	0.553606	-1	998
0.210216	0.309485	0.361867	7.340240	6.641830	8.487860	-0.157961	0.861646	-0.482302	0.850261	0.367049	0.377269	0.502101	-0.350488	-0.790603	1	999
0.150599	0.308295	0.354180	6.505750	7.263170	8.458260	-0.360505	0.045737	0.931635	-0.810471	0.479037	-0.337136	-0.461707	-0.876602	-0.135626	1	1000
0.084540	0.148335	0.178677	3.133600	7.808520	8.427350	-0.593528	-0.602379	-0.533727	0.371957	0.382783	-0.845651	0.713704	-0.700441	-0.003133	1	1001
0.115856	0.266742	0.299043	4.160490	3.380860	8.528540	-0.026650	0.830950	0.555709	-0.980673	0.086058	-0.175713	-0.193832	-0.549651	0.812596	1	1003
0.068440	0.142828	0.176784	7.238270	3.953820	8.454210	-0.160275	0.966609	0.199946	0.713177	0.253445	-0.653563	-0.682415	0.037847	-0.729984	1	1005
0.124851	0.238952	0.290310	5.730400	4.557330	8.498770	-0.822696	-0.425807	0.376642	0.170645	-0.816962	-0.550866	0.542264	-0.388924	0.744774	1	1008
0.165045	0.215279	0.355905	5.629460	6.193410	8.450580	0.082815	0.988663	0.125251	0.084553	0.118259	-0.989376	-0.992972	0.092526	-0.073801	-1	1011
0.170339	0.266522	0.358669	4.686710	6.236270	8.488100	0.987143	-0.016400	0.158995	0.060129	-0.883551	-0.464460	0.148097	0.468049	-0.871205	1	1013
0.098801	0.131692	0.320535	4.205010	6.443880	8.485820	0.324590	-0.898978	-0.294073	-0.467030	0.118035	-0.876328	0.822511	0.421789	-0.381537	-1	1014
0.095058	0.105296	0.297949	5.297850	7.000900	8.512380	0.442804	0.894538	-0.061043	0.772884	-0.415322	-0.479748	-0.454505	0.165255	-0.875281	-1	1016
0.214588	0.249319	0.394177	4.766020	7.046860	8.425400	0.985241	-0.171144	-0.003138	-0.132597	-0.774669	0.618309	-0.108251	-0.608767	-0.785929	-1	1017
0.247450	0.328150	0.428516	4.980130	7.243330	8.499670	0.118894	-0.964941	-0.233995	-0.195946	0.208229	-0.958251	0.973380	0.159781	-0.164319	2	1019
0.158862	0.188519	0.375824	6.538440	7.525140	8.493530	-0.606350	0.441178	0.661590	-0.569561	-0.821543	0.025837	0.554923	-0.361150	0.749420	-1	1020
0.098740	0.146112	0.175744	3.779200	3.496180	8.461860	0.517036	-0.771485	-0.370789	0.263711	0.555683	-0.788463	0.814328	0.309882	0.490757	1	1024
0.236665	0.299855	0.375434	5.195760	3.775320	8.481850	0.995678	-0.092632	0.006686	-0.045011	-0.544271	-0.837701	0.081237	0.833779	-0.546088	2	1025
0.097440	0.145594	0.246021	6.405150	3.904130	8.456240	0.556691	-0.643982	0.524769	0.137338	-0.551666	-0.822680	0.819288	0.530050	-0.218664	-1	1026
0.126969	0.178077	0.270213	3.214770	3.964110	8.496370	-0.852299	0.176379	-0.492419	-0.089383	-0.976695	-0.195134	-0.515361	-0.122299	0.848202	2	1027
0.116940	0.181571	0.330785	6.838290	4.808370	8.426140	0.365628	0.496023	0.787577	-0.754406	-0.337669	0.562895	0.545149	-0.799963	0.250742	-1	1030
0.119985	0.156368	0.260005	5.603640	4.963290	8.471060	-0.273964	-0.295896	0.915090	0.953083	0.043846	0.299517	-0.128749	0.954213	0.270002	-1	1031
0.230612	0.267092	0.453869	4.697760	5.023260	8.449190	0.960760	-0.151872	-0.232109	0.135146	-0.474453	0.869845	-0.242230	-0.867081	-0.435311	-1	1032
0.151174	0.209373	0.213302	6.340940	5.344840	8.462890	0.560999	-0.031144	-0.827230	-0.427188	0.845065	-0.321520	0.709077	0.533756	0.460777	1	1033
0.178210	0.220657	0.390902	4.476400	5.444560	8.542520	0.925355	-0.339622	-0.168448	0.328018	0.940046	-0.093368	0.190058	0.031145	0.981279	-1	1034
0.124867	0.193582	0.286156	5.162660	7.084190	8.485850	0.973063	-0.090895	-0.211866	0.054522	-0.802196	0.594566	-0.224001	-0.590101	-0.775632	2	1036
0.094380	0.165535	0.234867	5.600610	7.614540	8.454350	-0.236218	0.032370	0.971161	-0.905572	-0.369729	-0.207941	0.352335	-0.928576	0.116650	1	1038
0.148377	0.161183	0.197808	2.953410	3.434230	8.465590	0.712354	-0.701196	-0.029599	-0.700001	-0.712910	0.041940	-0.050509	-0.009157	-0.998682	2	1044
0.227848	0.282375	0.336521	3.431490	4.026450	8.488630	0.218027	-0.944677	-0.245051	-0.840723	-0.054286	-0.538738	0.495630	0.323479	-0.806047	2	1045
0.092175	0.148992	0.160512	4.351000	4.448710	8.468840	0.563219	-0.363547	0.742036	0.465005	-0.602876	-0.648315	0.683049	0.710193	-0.170500	1	1046
0.108963	0.160181	0.323669	6.505260	6.574950	8.532460	-0.231264	0.324534	-0.917167	-0.860217	-0.508589	0.036943	-0.454471	0.797506	0.396788	-1	1049
0.138644	0.189796	0.216840	5.025740	6.866190	8.480460	0.804405	-0.182881	-0.565232	0.331196	-0.651818	0.682234	-0.493196	-0.735995	-0.463756	1	1050
0.183818	0.250861	0.354346	3.038030	6.848010	8.509640	-0.380189	0.857409	0.346852	0.319023	0.473563	-0.820952	-0.868148	-0.201463	-0.453576	2	1051
0.136066	0.233341	0.339930	3.311100	7.075400	8.468750	0.596818	-0.793488	-0.119104	-0.512973	-0.263187	-0.817062	0.616982	0.548734	-0.564113	1	1052
0.182192	0.206045	0.251979	4.391600	3.555290	8.501280	-0.557128	0.593115	0.581225	-0.774300	-0.623968	-0.105464	0.300114	-0.508800	0.806879	2	1056
0.116483	0.167981	0.406817	3.929320	3.826850	8.420080	0.829998	0.307691	0.465220	-0.440232	0.873538	0.207669	-0.342490	-0.377169	0.860490	-1	1057
0.182094	0.212841	0.252081	3.778260	4.181430	8.499190	-0.990004	-0.066842	-0.124198	0.047502	-0.987142	0.152622	-0.132803	0.145197	0.980450	2	1058
0.125271	0.200027	0.273145	3.764730	5.044250	8.431780	-0.482604	-0.559279	-0.674018	0.824814	-0.549054	-0.134987	-0.294576	-0.621085	0.726277	1	1059
0.138120	0.194241	0.199917	7.112700	5.499210	8.471250	-0.038350	0.275473	0.960544	-0.147783	-0.952244	0.267192	0.988276	-0.131705	0.077229	1	1060
0.161643	0.198785	0.242015	3.625790	5.645080	8.502650	0.589593	0.788431	-0.175374	0.354487	-0.447689	-0.820922	-0.725754	0.421842	-0.543443	2	1061
0.121608	0.174118	0.218709	3.302020	5.715870	8.503710	0.264098	-0.876522	-0.402444	0.894042	0.379023	-0.238809	0.361857	-0.296733	0.883747	1	1062
0.196918	0.239074	0.299343	7.318180	5.918980	8.503270	0.593947	-0.532501	0.603050	0.288538	-0.558723	-0.777544	0.750981	0.635823	-0.178205	2	1063
0.087595	0.175852	0.226141	5.600550	6.388230	8.487090	-0.975635	0.065863	0.209282	0.213454	0.064357	0.974831	0.050736	0.995751	-0.076848	1	1064
0.241518	0.332089	0.473305	6.018710	7.658060	8.521950	-0.431007	0.130738	0.892827	-0.407447	-0.911033	-0.063289	0.805121	-0.391057	0.445931	2	1065
0.103470	0.249230	0.460645	6.307470	3.573030	8.489540	0.796825	0.040745	0.602835	0.511138	-0.577490	-0.636587	0.322194	0.815380	-0.480985	1	1069
0.164798	0.256630	0.365339	5.462110	3.778950	8.480530	-0.074649	0.407787	0.910021	0.392647	-0.826830	0.402717	0.916655	0.387379	-0.098395	1	1070
0.220370	0.245301	0.262626	4.079780	3.819820	8.481860	0.740744	0.343156	-0.577531	0.132416	-0.917410	-0.375267	-0.658608	0.201502	-0.725005	2	1071
0.101812	0.172426	0.247778	4.950740	4.669960	8.532860	0.962200	0.270030	0.035434	0.023475	-0.211856	0.977019	0.271331	-0.939255	-0.210187	1	1073
0.110880	0.169510	0.272936	5.831760	4.894990	8.559840	-0.521450	-0.606123	0.600587	0.450772	-0.793302	-0.409239	0.724497	0.057330	0.686890	2	1074
0.106400	0.171555	0.350116	5.477480	4.938070	8.507330	0.980153	0.158919	-0.118514	-0.100094	-0.119311	-0.987799	-0.171120	0.980056	-0.101036	-1	1075
0.144499	0.213923	0.310776	6.254760	6.113930	8.512710	0.593963	-0.524452	-0.610048	0.108002	-0.699455	0.706469	-0.797210	-0.485503	-0.358808	2	1076
0.169205	0.211964	0.507504	6.154180	6.722840	8.560350	-0.085446	0.574928	0.813730	-0.842418	-0.477782	0.249111	0.532007	-0.664215	0.525154	-1	1079
0.150724	0.243058	0.349700	6.772970	7.163010	8.528960	0.576526	-0.157537	-0.801748	0.482952	0.857186	0.178854	0.659071	-0.490320	0.570273	1	1080
0.161831	0.298274	0.404381	3.817470	7.220330	8.541700	0.260313	-0.965101	0.028575	-0.596154	-0.183938	-0.781516	0.759498	0.186404	-0.623231	1	1081
0.096239	0.192412	0.264904	5.805410	7.631220	8.540260	-0.736627	-0.021570	0.675956	0.153817	-0.978640	0.136394	0.658575	0.204445	0.724210	1	1082
0.095525	0.228604	0.335649	3.632480	5.072870	8.532320	-0.319612	0.393692	0.861890	0.396257	-0.770710	0.498986	0.860714	0.501012	0.090325	1	1085
0.146289	0.244250	0.310051	4.698060	5.484020	8.562310	0.463233	-0.776329	0.427469	-0.786768	-0.138218	0.601574	-0.407935	-0.614987	-0.674818	1	1086
0.245547	0.247206	0.355567	7.107910	5.763350	8.559890	-0.241303	0.968013	0.068735	0.963103	0.247574	-0.105550	-0.119190	0.040730	-0.992036	-1	1087
0.139296	0.168467	0.235998	6.064530	5.752950	8.491340	0.069047	-0.980699	-0.182926	-0.283568	0.156507	-0.946094	0.956463	0.117197	-0.267289	-1	1088
0.115028	0.184069	0.205544	5.625930	3.438280	8.517460	0.929644	0.357746	0.088201	0.289076	-0.856581	0.427438	0.228465	-0.371868	-0.899732	1	1094
0.136590	0.193046	0.281846	3.774880	3.967900	8.523150	0.293753	0.620527	0.727087	-0.050724	0.769693	-0.636396	-0.954535	0.150062	0.257575	2	1095
0.164554	0.248224	0.338293	4.544840	4.103380	8.520050	-0.271373	0.956842	-0.103971	0.859829	0.289555	0.420538	0.432494	0.024726	-0.901298	1	1096
0.204723	0.243648	0.301939	6.354530	5.060180	8.471790	-0.509103	0.108788	0.853803	0.411369	-0.840591	0.352395	0.756036	0.530633	0.383196	2	1097
0.117253	0.192345	0.246363	5.254350	5.719170	8.532820	0.403793	0.781961	0.474856	-0.131711	-0.463956	0.876012	0.905320	-0.416271	-0.084349	1	1098
0.116175	0.190774	0.296231	3.454260	5.894350	8.531270	-0.794725	-0.223515	0.564317	0.529850	-0.709013	0.465360	0.296093	0.668836	0.681900	2	1099
0.140051	0.282389	0.410807	3.861300	6.145520	8.583290	0.105634	-0.845022	-0.524193	-0.730353	0.291816	-0.617598	0.674853	0.448086	-0.586339	1	1101
0.134214	0.237417	0.274508	5.725960	6.381690	8.559780	-0.714421	-0.681717	0.157686	-0.663385	0.731575	0.157217	-0.222537	0.007713	-0.974894	1	1102
0.189053	0.307840	0.397667	5.822580	7.103320	8.517250	0.871621	0.196881	0.448904	-0.467718	0.059997	0.881839	0.146685	-0.978590	0.144379	1	1104
0.143624	0.227104	0.293619	5.331120	7.344890	8.542450	-0.384864	0.851498	0.356132	0.188201	0.450146	-0.872897	-0.903582	-0.268922	-0.333498	1	1105
0.147538	0.241765	0.301176	5.333780	7.570410	8.535460	-0.926304	-0.049114	-0.373561	0.369202	-0.316119	-0.873933	-0.075167	-0.947447	0.310956	1	1106
0.133330	0.213534	0.243111	5.679860	7.843270	8.515350	-0.034030	-0.670743	0.740909	-0.179370	-0.725202	-0.664762	0.983193	-0.155518	-0.095632	1	1107
0.135695	0.201821	0.294225	3.003970	3.605070	8.533650	0.530137	-0.587103	0.611771	0.647984	0.745866	0.154273	-0.546874	0.314632	0.775845	2	1111
0.096901	0.134867	0.234096	5.139410	3.999540	8.531990	0.799847	0.416836	0.431848	-0.421680	0.902277	-0.089899	-0.427120	-0.110196	0.897455	-1	1112
0.168447	0.259981	0.333604	4.814370	4.204700	8.484540	-0.489053	0.626035	0.607378	0.113378	-0.644799	0.755896	0.864854	0.438537	0.244362	1	1113
0.129356	0.211336	0.270275	5.792660	4.741590	8.584980	0.850960	-0.351313	-0.390442	0.382144	0.924102	0.001383	0.360323	-0.150382	0.920626	1	1115
0.169680	0.204442	0.353027	6.345600	5.542220	8.564350	0.899396	0.426137	-0.097441	0.437101	-0.879504	0.188188	-0.005506	-0.211847	-0.977287	-1	1116
0.123012	0.221362	0.285334	4.955860	5.460310	8.533330	0.000121	0.185529	0.982639	-0.993075	-0.115424	0.021915	0.117486	-0.975836	0.184230	1	1117
0.185337	0.206639	0.282639	4.181650	5.776500	8.536140	-0.648995	0.146657	-0.746523	-0.478286	-0.841738	0.250440	-0.591648	0.519586	0.616428	-1	1118
0.177114	0.225606	0.260623	6.973270	6.007860	8.507480	0.897493	-0.042702	0.438956	-0.005834	0.994065	0.108632	-0.440990	-0.100058	0.891917	2	1120
0.088461	0.169558	0.226796	5.997040	6.959110	8.566530	-0.858714	-0.166346	-0.484705	-0.025275	-0.930950	0.364270	-0.511831	0.325055	0.795216	1	1121
0.150775	0.182407	0.314174	6.219080	7.489000	8.544740	0.589058	-0.763450	-0.264866	-0.781675	-0.455207	-0.426346	0.204926	0.458182	-0.864913	-1	1122
0.078743	0.141924	0.193393	3.392760	7.845480	8.541550	-0.676722	-0.639066	0.365570	0.735290	-0.611837	0.291553	0.037348	0.466101	0.883943	1	1123
0.153861	0.187255	0.290849	5.706350	3.678960	8.531420	0.298574	-0.184024	-0.936477	-0.786658	0.508140	-0.350660	0.540391	0.841385	0.006953	-1	1126
0.132142	0.148739	0.475041	2.962110	4.015590	8.638830	0.178252	-0.948242	0.262798	-0.512182	0.138629	0.847615	-0.840176	-0.285690	-0.460961	-1	1128
0.113734	0.172892	0.233548	6.462090	4.686160	8.539190	0.550137	-0.319856	0.771389	0.809948	0.429269	-0.399640	-0.203306	0.844642	0.495224	1	1129
0.098934	0.176059	0.229283	5.717480	5.123310	8.560950	0.403151	0.673680	-0.619374	0.586263	0.329563	0.740057	0.702684	-0.661471	-0.262090	1	1130
0.134868	0.172294	0.290059	6.037000	5.937080	8.526160	-0.013744	0.174052	-0.984640	-0.103923	-0.979649	-0.171719	-0.994490	0.099966	0.031553	-1	1131
0.171041	0.272257	0.304526	4.012440	5.960290	8.549730	0.954953	0.049456	-0.292606	0.192529	-0.853588	0.484067	-0.225825	-0.518596	-0.824658	1	1132
0.112342	0.155005	0.395523	3.359960	6.129650	8.564790	0.640273	0.735661	0.221028	0.326248	-0.520936	0.788789	0.695423	-0.432930	-0.573549	-1	1133
0.159162	0.242249	0.257448	4.800440	6.404550	8.561020	0.520578	-0.828998	0.204354	-0.520125	-0.497714	-0.694083	0.677103	0.255035	-0.690281	1	1134
0.179008	0.251566	0.364359	4.106520	7.074710	8.534010	0.762079	0.615619	-0.200620	0.249879	0.006212	0.968257	0.597324	-0.788019	-0.149096	2	1136
0.112043	0.208889	0.265210	3.137700	3.551550	8.599690	0.967315	-0.221185	-0.124011	-0.092253	-0.762495	0.640383	-0.236201	-0.608012	-0.757978	1	1138
0.184965	0.234455	0.445456	5.094420	4.335150	8.610690	-0.556649	0.803233	0.212036	-0.826037	-0.562303	-0.038448	0.088346	-0.196551	0.976505	-1	1139
0.119793	0.176387	0.202852	5.634060	4.773550	8.548130	0.670956	-0.358097	-0.649295	0.065829	0.900964	-0.428872	0.738569	0.245012	0.628081	1	1140
0.235447	0.285888	0.379136	6.410100	7.663060	8.575800	0.991219	0.079508	-0.105654	0.045863	-0.956151	-0.289260	-0.124020	0.281875	-0.951402	-1	1143
0.113118	0.225818	0.254805	4.249340	3.949840	8.562460	-0.459347	0.501629	0.733055	0.319736	-0.676578	0.663334	0.828716	0.539084	0.150395	1	1147
0.152911	0.303854	0.345333	5.359180	4.499370	8.610030	0.672151	-0.291460	-0.680636	0.574238	0.785508	0.230711	0.467402	-0.545919	0.695347	1	1148
0.203307	0.307080	0.339499	6.725350	4.662550	8.600120	0.052169	-0.979592	-0.194110	-0.561428	0.131980	-0.816933	0.825879	0.151598	-0.543085	1	1149
0.153669	0.191545	0.239156	4.036170	4.888780	8.561660	0.688153	-0.656202	0.309588	-0.505203	-0.127088	0.853592	-0.520783	-0.743807	-0.418971	2	1151
0.134588	0.167249	0.234547	6.464400	5.203060	8.559770	0.138260	0.948816	0.283960	0.934778	-0.030288	-0.353940	-0.327223	0.314375	-0.891119	2	1152
0.199282	0.227084	0.317873	5.171920	6.092870	8.567470	0.043429	-0.996189	0.075635	-0.298270	0.059325	0.952636	-0.953493	-0.063932	-0.294557	-1	1154
0.140501	0.185285	0.222320	4.796530	6.113340	8.549970	0.747964	-0.651274	-0.128034	0.101016	-0.078955	0.991747	-0.656008	-0.754724	0.006734	2	1155
0.130828	0.179882	0.365422	3.633820	6.239500	8.512900	-0.031096	0.998037	-0.054369	0.862016	0.054312	0.503963	0.505926	-0.031196	-0.862012	-1	1156
0.091310	0.128499	0.178402	4.036510	4.045980	8.558260	-0.614792	0.290278	-0.733328	0.220926	-0.829198	-0.513442	-0.757114	-0.477671	0.445655	2	1160
0.136196	0.169665	0.291091	3.305990	4.254830	8.547180	0.715461	-0.029783	0.698018	0.052356	0.998567	-0.011058	-0.696688	0.044457	0.715995	-1	1161
0.099600	0.183716	0.235112	5.269860	5.882110	8.597730	0.917297	0.044689	-0.395689	-0.365165	-0.301901	-0.880631	-0.158813	0.952291	-0.260614	1	1162
0.141665	0.241618	0.425825	4.295950	6.528910	8.597190	0.739324	0.655773	0.152844	0.222125	-0.023237	-0.974741	-0.635657	0.754601	-0.162843	2	1164
0.134137	0.159760	0.212502	6.394760	7.444250	8.579440	0.484859	-0.422186	0.765944	0.136843	0.901608	0.410339	-0.863821	-0.094142	0.494926	2	1165
0.151463	0.213787	0.401173	3.083090	7.751140	8.564560	0.873157	0.389623	-0.292900	-0.236783	-0.186199	-0.953553	-0.426064	0.901956	-0.070325	-1	1166
0.150975	0.211467	0.371722	3.036150	3.827690	8.558260	-0.396086	-0.019588	-0.918004	-0.249728	-0.959788	0.128228	-0.883602	0.280041	0.375267	-1	1169
0.104405	0.187667	0.230682	4.978240	4.072160	8.600090	-0.092992	-0.649940	-0.754275	-0.437554	0.707162	-0.555399	0.894370	0.278388	-0.350145	1	1170
0.117270	0.201254	0.265020	4.694120	4.335160	8.600210	0.891721	-0.449458	-0.053117	-0.091366	-0.293719	0.951515	-0.443268	-0.843633	-0.302981	1	1171
0.109031	0.207043	0.417623	5.259750	5.461050	8.587540	0.001570	0.283600	-0.958941	-0.796759	-0.579130	-0.172578	-0.604295	0.764317	0.225051	-1	1172
0.103663	0.174772	0.228196	5.783970	5.983150	8.614840	0.940297	0.072164	0.332618	0.070425	0.914863	-0.397574	-0.332990	0.397262	0.855161	1	1173
0.208712	0.228659	0.320003	6.528850	6.147680	8.575240	0.211322	0.336296	0.917741	-0.950189	0.290759	0.112248	-0.229093	-0.895748	0.380989	-1	1175
0.222561	0.281998	0.486007	4.158400	7.273020	8.666080	0.648566	0.755853	0.089714	0.677357	-0.519374	-0.520997	-0.347202	0.398669	-0.848831	-1	1176
0.090414	0.137049	0.232256	3.599680	7.682500	8.574570	-0.848829	-0.099140	0.519288	0.279910	-0.917562	0.282365	0.448486	0.385034	0.806604	2	1177
0.124910	0.235516	0.269661	3.783710	3.615750	8.606970	0.419587	-0.673197	0.608894	0.424891	-0.447112	-0.787121	0.802131	0.588979	0.098433	1	1180
0.108673	0.149978	0.242529	4.176270	4.042400	8.589570	0.194802	-0.925648	-0.324388	-0.958725	-0.109857	-0.262257	0.207121	0.362087	-0.908842	-1	1181
0.121866	0.229813	0.277911	3.293640	6.870700	8.621060	0.972587	-0.128850	-0.193576	-0.232357	-0.571251	-0.787199	-0.009150	0.810599	-0.585530	1	1183
0.210735	0.273929	0.364458	3.049500	7.123070	8.567410	-0.320875	-0.653979	0.685092	0.943685	-0.159194	0.290028	-0.080610	0.739573	0.668231	2	1184
0.174044	0.224296	0.312142	3.258210	7.794720	8.594880	-0.044902	-0.921943	0.384713	0.998948	-0.045023	0.008699	0.009301	0.384699	0.922995	2	1186
0.090099	0.146134	0.276624	3.919170	3.544430	8.614940	0.960179	-0.081514	0.267230	-0.279385	-0.279133	0.918710	-0.000295	-0.956786	-0.290791	-1	1188
0.104910	0.185445	0.218567	4.644280	5.738360	8.594980	-0.193369	-0.023299	0.980849	-0.372868	0.926454	-0.051502	-0.907512	-0.375687	-0.187835	1	1191
0.103256	0.124800	0.279118	4.194610	6.333950	8.602460	0.469428	-0.650643	-0.596909	-0.517926	0.344607	-0.782942	0.715115	0.676690	-0.175217	-1	1192
0.159702	0.186240	0.394588	6.638980	6.485810	8.592270	0.958241	-0.084260	0.273265	-0.283998	-0.168662	0.943874	-0.033442	-0.982066	-0.185548	-1	1193
0.166292	0.229130	0.292958	5.637510	4.481910	8.614610	-0.068369	0.965355	-0.251824	-0.997574	-0.062826	0.029997	0.013136	0.253264	0.967308	2	1197
0.198411	0.278757	0.362760	6.204840	4.977580	8.614960	0.797744	0.116298	0.591675	0.567375	-0.477024	-0.671218	0.204181	0.871162	-0.446528	1	1198
0.202743	0.276451	0.316375	5.312150	5.020920	8.626810	0.206255	-0.731591	-0.649795	0.959137	0.019709	0.282255	-0.193688	-0.681459	0.705761	1	1199
0.213591	0.271070	0.395066	6.771950	5.546900	8.595030	0.347998	-0.658586	0.667205	0.849213	-0.080051	-0.521947	0.397157	0.748236	0.531422	-1	1201
0.152118	0.263209	0.371510	3.007460	5.452270	8.684100	0.772839	-0.415193	-0.479932	-0.634168	-0.533256	-0.559883	-0.023467	0.737057	-0.675423	1	1202
0.149553	0.241314	0.289756	4.367480	5.630510	8.649110	-0.153019	-0.711513	-0.685809	0.792268	0.326476	-0.515485	0.590674	-0.622224	0.513752	1	1203
0.154192	0.179353	0.231912	6.735100	6.214940	8.603620	0.852626	-0.505619	-0.131827	-0.509994	-0.750351	-0.420571	0.113732	0.425820	-0.897631	2	1205
0.095002	0.126149	0.144385	3.349720	6.271270	8.600280	0.542364	-0.829249	0.134857	-0.027958	-0.178242	-0.983589	0.839678	0.529693	-0.119856	2	1206
0.183672	0.236029	0.365666	6.358240	6.371080	8.578090	0.406687	-0.330863	0.851549	0.806985	-0.306818	-0.504616	0.428229	0.892408	0.142222	-1	1207
0.121256	0.162069	0.242920	3.887940	3.983010	8.644560	0.271405	0.818919	0.505679	-0.959165	0.273608	0.071704	-0.079639	-0.504490	0.859737	2	1213
0.170833	0.191506	0.255515	3.637890	4.104050	8.628470	0.292577	0.955504	0.037567	0.873324	-0.283002	0.396503	0.389491	-0.083200	-0.917265	-1	1214
0.158573	0.179866	0.237346	7.298600	4.802920	8.612330	-0.235186	-0.595122	-0.768451	0.927220	-0.374466	0.006225	-0.291463	-0.711059	0.639878	-1	1215
0.182113	0.240483	0.336747	5.035960	4.886970	8.640330	0.517199	-0.580727	-0.628698	0.290629	0.810094	-0.509197	0.805009	0.080638	0.587756	2	1216
0.115663	0.198344	0.315349	5.104230	5.751670	8.614910	-0.876091	0.444674	0.186359	-0.152156	0.111777	-0.982015	-0.457507	-0.888691	-0.030267	1	1217
0.156050	0.239493	0.274767	3.493860	5.679820	8.663320	0.839738	0.541551	0.039543	0.503305	-0.803623	0.317607	0.203778	-0.246804	-0.947398	1	1218
0.098739	0.124724	0.278622	4.898970	6.032660	8.680210	0.205469	-0.794418	-0.571561	0.921464	-0.039698	0.386431	-0.329677	-0.606072	0.723871	-1	1219
0.150458	0.304477	0.418809	4.940890	6.265170	8.656540	-0.950136	-0.195289	0.243114	0.239433	0.042609	0.969977	-0.199785	0.979820	0.006274	1	1221
0.174532	0.303934	0.388235	5.215330	6.776160	8.655520	0.506072	-0.807612	-0.302745	0.773301	0.580318	-0.255416	0.381965	-0.104855	0.918209	1	1223
0.143135	0.265879	0.320246	7.074740	6.886310	8.651460	0.817312	0.037523	-0.574972	0.174979	0.934588	0.309721	0.548984	-0.353747	0.757285	1	1224
0.133032	0.157598	0.373513	4.970580	3.630430	8.650030	-0.316292	-0.870061	-0.378092	-0.732729	0.477201	-0.485168	0.602551	0.123584	-0.788454	-1	1230
0.235513	0.250224	0.316562	3.413250	4.844000	8.662420	0.566568	0.812340	0.138218	0.823154	-0.550289	-0.140000	-0.037668	0.193094	-0.980457	-1	1235
0.092468	0.177505	0.339205	3.804650	5.479090	8.677620	-0.572010	-0.155461	0.805379	0.813554	-0.232698	0.532899	0.104565	0.960044	0.259582	2	1236
0.138895	0.223780	0.351540	4.683270	5.278470	8.669860	-0.218259	-0.666342	-0.712987	0.823635	-0.517651	0.231654	-0.523439	-0.536681	0.661805	2	1237
0.183371	0.302148	0.343543	6.839520	5.365130	8.669330	-0.193991	0.761308	-0.618690	0.957081	0.008448	-0.289698	-0.215323	-0.648336	-0.730272	1	1238
0.134753	0.220081	0.282178	5.492970	5.449580	8.638130	0.532018	0.837863	-0.122243	0.426342	-0.389805	-0.816262	-0.731567	0.382149	-0.564599	1	1239
0.210452	0.337548	0.413840	4.258000	5.419130	8.637520	0.902792	0.168126	0.395854	-0.384495	0.727902	0.567734	-0.192692	-0.664750	0.721788	1	1240
0.196404	0.262771	0.431651	7.007230	5.556840	8.701580	-0.705260	-0.513919	0.488360	0.694912	-0.637520	0.332664	0.140377	0.573982	0.806746	-1	1241
0.228627	0.330882	0.361185	6.979630	6.252530	8.704740	-0.097559	0.729207	-0.677304	0.860679	0.403528	0.310479	0.499715	-0.552651	-0.666980	1	1242
0.187854	0.270427	0.409816	5.851030	6.809410	8.610010	-0.535980	0.824160	-0.182988	-0.821578	-0.559072	-0.111566	-0.194252	0.090542	0.976764	2	1243
0.130746	0.160551	0.268256	3.247430	7.187840	8.672490	-0.141261	-0.757359	0.637537	0.956852	0.060731	0.284158	-0.253927	0.650169	0.716102	-1	1244
0.133396	0.230303	0.305614	3.887840	7.400490	8.699900	0.440877	0.890401	-0.113193	0.770192	-0.310533	0.557112	0.460903	-0.332798	-0.822687	1	1245
0.144012	0.171900	0.274736	4.576350	3.497410	8.613010	0.304364	-0.693583	-0.652921	0.731715	-0.268622	0.626446	-0.609881	-0.668420	0.425746	-1	1247
0.105332	0.188181	0.249881	6.224250	4.641680	8.620100	0.060866	0.076353	0.995221	-0.360522	0.931441	-0.049411	-0.930763	-0.355792	0.084220	1	1248
0.197146	0.256188	0.394647	3.890010	5.028420	8.691800	0.951978	-0.141402	0.271558	-0.204639	-0.953600	0.220840	0.227730	-0.265806	-0.936742	-1	1249
0.134069	0.191965	0.280127	6.479780	5.337790	8.658190	0.788667	0.484096	0.379018	0.127196	-0.731603	0.669760	0.601519	-0.480008	-0.638566	2	1250
0.188574	0.241283	0.320792	5.937450	5.810560	8.639350	0.658370	-0.746425	0.096944	-0.567686	-0.407838	0.715123	-0.494249	-0.525850	-0.692243	2	1252
0.117045	0.158994	0.348415	6.280030	5.970270	8.640880	-0.459891	0.765069	0.450743	-0.158957	0.428477	-0.889460	-0.873632	-0.480704	-0.075440	-1	1253
