#index bary_1 bary_2 bary_3 ellALength_1 ellALength_2 ellALength_3 ellAOri_11 ellAOri_12 ellAOri_13 ellAOri_21 ellAOri_22 ellAOri_23 ellAOri_31 ellAOri_32 ellAOri_33 Vphy
1 4.79292 5.12134 5.71446 5.52903 5.56682 5.59211 0.582703 0.541279 -0.606196 0.14466 0.664922 0.73277 0.799707 -0.51468 0.30915 90.1219
512 3.57676 6.63342 3.5905 0.196158 0.249058 0.554262 0.508524 0.703245 -0.49684 -0.789741 0.610851 0.0563076 0.343093 0.363741 0.866013 0.0141781
531 6.47032 4.87323 3.59903 0.199338 0.263083 0.418737 -0.846227 0.241667 -0.474865 -0.312962 -0.946728 0.0759045 -0.431224 0.212847 0.876779 0.011498
549 3.05866 6.35824 3.56743 0.226445 0.32337 0.488749 0.930062 0.158938 -0.331244 -0.16373 -0.627808 -0.760953 -0.328902 0.761968 -0.557878 0.0187391
593 3.09205 5.25414 3.55848 0.188834 0.259228 0.384299 0.928149 0.010789 -0.372052 -0.240735 -0.744959 -0.62216 -0.283876 0.667023 -0.688836 0.00984987
603 7.03149 4.57649 3.60652 0.223777 0.26311 0.347201 0.201716 0.979367 -0.0122797 0.8005 -0.157625 0.578234 0.564367 -0.126469 -0.815779 0.0107036
613 3.70945 3.95909 3.56527 0.189155 0.261752 0.366023 0.550771 0.142222 -0.82245 -0.269837 0.962801 -0.0142101 0.789835 0.229754 0.56866 0.00948889
628 6.46726 4.21578 3.63625 0.192346 0.287019 0.44078 -0.127053 0.975332 -0.180511 -0.981524 -0.149874 -0.11895 -0.143069 0.162063 0.976354 0.0127413
630 3.89271 5.8406 3.62197 0.196204 0.271648 0.381803 0.284342 0.885751 -0.366872 -0.922284 0.357213 0.147619 0.261805 0.296386 0.918484 0.010655
634 2.95702 7.15286 3.59861 0.163423 0.248872 0.433816 0.741725 0.13917 -0.656106 0.326941 0.779119 0.534868 0.585622 -0.611233 0.532392 0.00923833
644 4.62029 7.46228 3.6371 0.220065 0.269981 0.450453 -0.0365748 -0.787782 -0.614868 0.850475 0.298542 -0.433088 0.524743 -0.53877 0.659069 0.0140131
650 3.8611 3.84132 3.64842 0.163601 0.198894 0.551156 -0.837986 0.246227 -0.486983 -0.375971 -0.907318 0.188204 -0.395507 0.340804 0.852893 0.00939033
655 5.20444 5.14324 3.63658 0.166454 0.264879 0.398379 -0.168799 -0.979242 0.11221 -0.772339 0.202138 0.60219 -0.612372 0.0149848 -0.790428 0.00919677
662 5.25852 7.37373 3.66545 0.159057 0.24732 0.466969 0.891176 -0.0257254 0.452928 0.403901 -0.409611 -0.817975 0.206567 0.911898 -0.354644 0.00961832
673 5.70839 6.39913 3.68184 0.15187 0.340258 0.359654 -0.349561 0.859991 -0.371783 0.920532 0.241371 -0.307183 -0.174437 -0.449617 -0.876023 0.00973112
679 4.51908 3.91506 3.5988 0.187723 0.256109 0.421518 -0.169909 -0.299593 -0.938816 0.86819 -0.496231 0.00122973 -0.466238 -0.814861 0.344418 0.010611
681 6.90769 4.22681 3.65108 0.194968 0.251794 0.473095 -0.0540986 -0.865673 -0.497679 -0.350417 0.483169 -0.802344 0.93503 0.130989 -0.329485 0.0121606
682 6.01639 4.45595 3.62113 0.16747 0.248284 0.377865 -0.755638 0.159203 0.635347 0.149704 -0.902356 0.404156 0.637652 0.40051 0.658021 0.00822663
690 4.32195 6.22155 3.63837 0.272594 0.315387 0.374632 -0.381395 -0.768958 -0.513071 0.916082 -0.240057 -0.321194 0.123818 -0.592517 0.795985 0.0168641
691 6.73447 6.35131 3.64375 0.168995 0.226203 0.420026 0.584245 0.480455 -0.654081 0.690095 0.130045 0.711939 0.427114 -0.867324 -0.255581 0.00840712
692 4.75477 6.44166 3.67621 0.150133 0.287023 0.356874 0.738683 -0.298249 -0.60448 0.648612 0.558565 0.517018 0.183441 -0.773985 0.60605 0.00805207
700 6.60331 4.07173 3.64606 0.164816 0.22309 0.313082 0.139733 -0.931872 -0.334799 -0.681376 0.154842 -0.715368 0.718472 0.328084 -0.613318 0.00602748
702 6.20477 4.37672 3.68965 0.127242 0.222783 0.358012 0.849309 0.351987 -0.39342 -0.244756 0.922877 0.297309 0.467727 -0.156216 0.869959 0.00531382
708 3.20202 6.92777 3.66799 0.149595 0.260276 0.377199 -0.29856 -0.521912 0.799043 0.929326 -0.349597 0.118893 0.217292 0.778068 0.589402 0.0076899
709 5.82096 7.45429 3.71838 0.203365 0.239423 0.410951 -0.591752 0.639913 0.490246 -0.699647 -0.709773 0.0819507 0.400405 -0.294505 0.867723 0.0104768
716 6.40346 5.11043 3.67013 0.174018 0.228449 0.373714 0.341351 -0.582307 0.737833 0.528897 0.767912 0.361357 -0.777012 0.266888 0.570109 0.00777896
717 5.90732 5.14712 3.65591 0.1839 0.269533 0.410955 -0.295541 0.804301 0.515514 0.016724 0.543892 -0.838989 -0.955184 -0.239334 -0.174194 0.0106656
719 5.31088 5.97148 3.63301 0.250929 0.273244 0.319415 0.866896 -0.211835 0.451241 -0.420093 0.176855 0.890081 -0.268354 -0.96117 0.0643243 0.0114672
720 6.87896 6.03567 3.59452 0.171138 0.292767 0.403161 -0.626179 -0.422288 0.655418 0.238363 0.696693 0.676611 -0.74235 0.579907 -0.335596 0.0105766
721 6.2248 6.01646 3.68214 0.0970163 0.186882 0.259424 0.304255 0.730043 0.611936 -0.878884 0.462902 -0.115263 -0.367414 -0.502751 0.782463 0.00246276
722 5.97282 6.43112 3.64177 0.222573 0.300758 0.39699 -0.307936 0.652154 -0.692727 -0.943643 -0.302186 0.134988 -0.121299 0.695255 0.708454 0.0139145
728 6.75536 3.73778 3.65058 0.207042 0.276199 0.423076 0.941401 -0.019772 0.33671 0.333229 -0.099925 -0.937536 0.0521828 0.994798 -0.0874809 0.0126677
732 3.10337 5.39124 3.69135 0.0944948 0.117916 0.220427 0.99559 -0.037287 0.0860801 -0.0187422 -0.978174 -0.206942 0.0919175 0.204416 -0.974559 0.001286
735 6.39452 5.90123 3.74039 0.166485 0.239955 0.48827 -0.54635 0.743334 0.385948 -0.782889 -0.61699 0.080057 0.297635 -0.258415 0.91904 0.0102132
736 6.79493 7.32061 3.69938 0.158506 0.192871 0.389978 0.896229 0.302063 0.324855 0.176206 -0.914497 0.364207 0.407093 -0.269172 -0.872824 0.00624241
742 6.00706 4.65504 3.66022 0.172365 0.195037 0.399502 -0.625543 0.437699 0.645845 0.115131 -0.766955 0.631289 0.771648 0.469255 0.429371 0.00703206
744 6.49075 6.53946 3.70626 0.147551 0.277269 0.362037 0.164733 0.7752 -0.609858 0.734973 -0.508819 -0.448239 -0.657782 -0.37439 -0.653571 0.00775521
748 7.10676 7.12377 3.68191 0.139826 0.168542 0.379249 0.905878 0.340041 -0.252502 0.147518 -0.812157 -0.564481 -0.397018 0.474103 -0.785877 0.00467973
753 4.10122 3.82814 3.68444 0.183743 0.237763 0.371631 0.539963 0.841685 -0.00243491 0.206372 -0.129587 0.969854 0.815997 -0.524188 -0.243673 0.00850093
754 3.47464 4.19264 3.7175 0.189405 0.239415 0.409497 0.634293 0.0334485 -0.772369 -0.233772 0.960592 -0.150381 0.736901 0.275943 0.617116 0.00972281
755 4.16476 4.56021 3.66381 0.19641 0.307944 0.435999 -0.226607 -0.521856 -0.822384 0.177816 -0.852325 0.491858 -0.957617 -0.0347745 0.285937 0.0138076
757 4.82836 4.74513 3.67665 0.189996 0.265309 0.441039 0.305853 0.518138 -0.798741 -0.585624 -0.55908 -0.586919 -0.750665 0.647273 0.132438 0.0116405
759 4.25745 4.88018 3.70635 0.161574 0.250598 0.374819 0.438373 0.801084 -0.407546 0.767385 -0.097528 0.633727 0.467921 -0.590553 -0.657493 0.00794639
762 4.28259 5.64028 3.64683 0.2787 0.329641 0.352407 -0.125589 -0.0984335 0.987187 -0.935911 0.341832 -0.0849817 -0.329087 -0.934592 -0.135055 0.016952
763 4.77047 5.77213 3.72709 0.21487 0.325776 0.398497 -0.558019 -0.773937 0.299393 -0.197883 0.474486 0.857733 -0.805889 0.419386 -0.417921 0.0146056
764 6.22724 6.52026 3.65964 0.179428 0.249251 0.271194 -0.597715 0.558794 -0.574879 0.0382953 0.736149 0.675735 0.800793 0.381882 -0.461407 0.00635046
765 6.38274 6.91244 3.70223 0.235117 0.285284 0.365696 0.128602 0.99169 -0.00355176 0.921567 -0.118184 0.369792 0.366299 -0.0508293 -0.929108 0.0128434
766 3.84463 7.05987 3.68825 0.174758 0.313237 0.342164 -0.972026 -0.133142 0.193488 -0.0243459 -0.762252 -0.646822 0.233606 -0.633439 0.737688 0.00980712
773 4.16581 4.3624 3.68248 0.186812 0.218461 0.392764 -0.0418144 0.960674 0.274514 0.169483 0.277592 -0.945631 -0.984646 0.00698453 -0.174426 0.00839287
774 5.13266 4.47385 3.69572 0.166415 0.214476 0.327928 0.00953668 -0.972276 0.233642 -0.516948 0.195214 0.833461 -0.855964 -0.128729 -0.500754 0.00612841
776 5.67557 5.30465 3.68051 0.274472 0.285689 0.439551 0.17374 -0.858557 0.482384 -0.72099 0.222766 0.656162 -0.670812 -0.461795 -0.580308 0.0180468
777 4.81216 5.50516 3.74406 0.153443 0.256855 0.423505 -0.65312 0.458377 0.602764 -0.191251 -0.870029 0.454392 0.732706 0.181493 0.655899 0.00873961
783 3.13166 6.04748 3.68769 0.15324 0.260765 0.311578 0.608876 0.40523 -0.681952 0.22873 0.73348 0.64007 0.759574 -0.545706 0.353911 0.00651908
784 5.50194 6.01576 3.68361 0.131874 0.172944 0.255255 0.95414 -0.235055 -0.185379 -0.299182 -0.727408 -0.61755 0.0103117 0.644692 -0.764373 0.00304818
785 6.10567 6.67249 3.69428 0.186847 0.315817 0.359186 0.640042 -0.712158 -0.288404 0.0286574 0.397225 -0.917274 0.767805 0.578829 0.274649 0.0110979
786 5.04679 7.27176 3.62177 0.206846 0.290211 0.396002 0.228934 0.930553 -0.285763 -0.973423 0.217029 -0.0731113 -0.00601512 0.294906 0.955507 0.0124468
790 4.26646 3.04356 3.68172 0.194252 0.240721 0.366413 -0.611655 0.197318 0.766123 -0.790349 -0.195286 -0.580699 0.0350306 -0.960692 0.275398 0.00897116
793 5.78614 4.97628 3.71183 0.132897 0.190811 0.276079 0.491903 -0.869779 -0.0389309 -0.367291 -0.247847 0.896476 -0.789385 -0.426681 -0.441379 0.00366565
794 4.55163 5.09154 3.66806 0.220775 0.266087 0.361573 0.9587 -0.0741267 -0.27459 0.240971 -0.301163 0.922623 -0.151087 -0.950687 -0.270862 0.0111216
797 5.61711 5.90226 3.77544 0.187408 0.268052 0.4189 0.705667 -0.708475 -0.00987913 -0.704867 -0.700518 -0.111525 0.0720923 0.0856631 -0.993712 0.0110183
800 3.13358 6.67859 3.66684 0.199668 0.262673 0.280155 0.738635 0.572507 -0.355884 0.506317 -0.122631 0.853583 0.44504 -0.810677 -0.38045 0.00769347
802 4.68967 3.70901 3.70868 0.123123 0.18418 0.285322 0.0965483 0.856161 0.50761 0.358723 0.445787 -0.820117 -0.928437 0.261272 -0.264085 0.00338778
803 5.80946 4.63892 3.72659 0.139731 0.202218 0.245837 0.462188 -0.883935 0.0709954 -0.714031 -0.32348 0.620903 -0.525873 -0.337667 -0.780666 0.00363715
804 5.90477 4.85619 3.65391 0.218443 0.320992 0.391095 0.60699 -0.549586 -0.574037 0.0982974 0.768697 -0.632014 0.788606 0.3272 0.520615 0.0143586
805 2.90666 6.04065 3.69888 0.200249 0.293064 0.396101 -0.474407 -0.499849 0.72463 0.874968 -0.358249 0.325712 0.0967914 0.788549 0.607308 0.0121713
810 6.97439 3.22383 3.7051 0.278803 0.316295 0.377659 -0.360221 -0.097906 -0.927715 0.225155 -0.974201 0.0153868 -0.905288 -0.203337 0.372972 0.0174377
812 7.17998 3.55732 3.70823 0.205791 0.291116 0.349856 0.533988 -0.0544612 -0.843737 0.649647 0.665111 0.36822 0.541125 -0.744756 0.390542 0.0109744
813 6.89897 4.04167 3.71758 0.192259 0.235064 0.308665 -0.23179 -0.936674 -0.262516 -0.404379 0.338223 -0.849755 0.884732 -0.090809 -0.457168 0.00730398
814 4.00974 4.19101 3.72218 0.144222 0.188695 0.245503 0.416966 -0.302444 0.857127 0.860266 0.435721 -0.264746 -0.293397 0.847747 0.441863 0.00349822
815 4.09312 4.75829 3.725 0.209618 0.260594 0.334624 0.26552 -0.832709 -0.485897 0.794463 0.474503 -0.379046 0.546194 -0.285383 0.787546 0.00957082
822 4.33915 3.59312 3.74169 0.250864 0.287815 0.349652 0.540493 0.772759 0.332733 -0.120586 -0.320242 0.93963 0.832662 -0.547986 -0.0799051 0.0132187
825 5.51957 4.70939 3.78651 0.212312 0.269078 0.458109 0.713344 -0.284399 0.640514 0.557581 0.783991 -0.272877 -0.424551 0.551793 0.71783 0.0137031
826 4.7171 6.82776 3.75545 0.157586 0.247575 0.351387 0.743669 0.353945 -0.567168 0.642521 -0.14398 0.75262 0.184725 -0.924117 -0.33449 0.00717811
835 2.93188 4.70286 3.72786 0.162733 0.195035 0.262021 0.600635 -0.695859 0.393724 0.657706 0.710032 0.251548 -0.454599 0.107866 0.884141 0.00435437
837 4.34666 3.80277 3.80153 0.138944 0.215714 0.363952 0.513858 0.857106 0.0363275 0.805459 -0.467453 -0.364312 -0.295272 0.216465 -0.930568 0.00571162
838 7.00101 4.42435 3.80263 0.191713 0.322149 0.490694 -0.358548 -0.920919 0.152811 -0.813436 0.388527 0.432861 -0.458001 0.030899 -0.888414 0.0158678
840 4.00412 5.10079 3.72574 0.220481 0.260908 0.392345 0.655026 0.338898 -0.675344 0.723311 -0.0227201 0.690148 0.218546 -0.940549 -0.260011 0.0118175
841 6.8254 5.54557 3.8108 0.181121 0.278339 0.520706 0.34271 -0.383855 0.857441 -0.0315162 0.907503 0.418863 -0.938912 -0.170572 0.298913 0.0137447
842 6.97552 5.78799 3.77008 0.167239 0.221195 0.303526 0.491419 0.700423 0.517605 -0.856116 0.49762 0.139425 -0.159914 -0.511646 0.844183 0.00587905
844 7.20613 6.30382 3.7479 0.270289 0.313957 0.351887 -0.713725 -0.582655 0.388729 -0.381162 0.788709 0.482342 -0.587633 0.19609 -0.785007 0.0156351
845 4.88677 6.62894 3.74879 0.136611 0.22606 0.273107 0.734377 0.259807 0.62705 -0.559828 -0.290506 0.776015 0.383776 -0.920927 -0.0678936 0.00441611
846 6.09162 7.09711 3.7461 0.156509 0.23297 0.259677 0.897606 0.439166 0.037895 0.408558 -0.861148 0.302497 0.16548 -0.256041 -0.952397 0.00495759
851 5.33972 3.94334 3.77375 0.162528 0.180477 0.317379 -0.562231 0.391969 -0.728187 -0.73016 -0.648714 0.214563 -0.388283 0.652327 0.650927 0.00487447
852 3.90735 4.02789 3.77143 0.165111 0.207959 0.298671 0.736279 0.312696 0.600095 0.0866307 0.835969 -0.541895 -0.67111 0.450973 0.588417 0.00536963
853 7.2966 4.06097 3.74022 0.116917 0.196028 0.288542 0.125481 -0.213844 0.968775 -0.794668 0.562929 0.227189 -0.593934 -0.798362 -0.0992974 0.00346259
854 4.49002 4.26867 3.73533 0.208148 0.251563 0.405085 0.127837 0.661251 -0.739192 -0.87428 0.427038 0.230811 0.468287 0.616754 0.63271 0.0111062
855 3.27644 4.8865 3.72673 0.134785 0.247685 0.284839 -0.0496567 0.309137 0.94972 -0.29678 -0.91251 0.281508 0.953654 -0.267879 0.137058 0.00497896
856 7.15073 5.10463 3.75535 0.1103 0.171135 0.210131 -0.195684 -0.579525 0.791113 -0.154272 -0.778473 -0.608425 0.968457 -0.241105 0.0629301 0.00207684
857 6.2038 7.38777 3.74256 0.265821 0.295609 0.476666 0.119396 -0.970232 -0.210699 -0.250581 0.175899 -0.951981 0.960705 0.16646 -0.222121 0.0196119
858 4.901 7.42167 3.74623 0.158398 0.197199 0.286423 -0.25381 -0.804502 -0.536988 -0.0622416 0.567601 -0.820947 0.965249 -0.174942 -0.194137 0.00468448
859 5.04994 3.76222 3.77153 0.193805 0.243592 0.36192 0.211178 -0.189439 -0.958914 -0.422311 0.867064 -0.264298 0.881509 0.460774 0.103103 0.00894622
860 5.83137 4.44483 3.75372 0.168706 0.256788 0.264835 0.933532 0.0331433 0.356957 -0.120123 0.967075 0.224359 -0.337769 -0.252325 0.906777 0.00600729
861 4.42229 4.9236 3.81022 0.124828 0.18918 0.33881 0.396487 -0.601136 0.693854 0.642057 0.721782 0.258443 -0.656171 0.343024 0.672141 0.00418931
862 6.90248 5.30375 3.73826 0.208355 0.272023 0.356919 0.315132 -0.798621 -0.512734 -0.770868 0.0997403 -0.629137 0.553583 0.593512 -0.5842 0.010592
869 6.83725 3.48576 3.78219 0.248232 0.307825 0.39708 -0.529429 0.429943 -0.731337 0.103158 -0.823043 -0.558533 -0.842059 -0.371147 0.391391 0.0158868
871 7.16583 4.18713 3.75857 0.13772 0.144225 0.243996 0.912181 -0.00112873 -0.409786 0.395286 -0.261257 0.880622 -0.108053 -0.965269 -0.237867 0.00253757
872 3.03056 5.53883 3.79924 0.127802 0.185388 0.235371 0.720199 0.653871 -0.231873 0.367418 -0.642987 -0.671991 -0.588487 0.398773 -0.703323 0.00291993
876 3.66146 7.14356 3.79138 0.200749 0.230299 0.309674 0.279726 0.765837 -0.579005 -0.924224 0.378076 0.0535664 0.259931 0.520146 0.813562 0.00749635
877 2.96893 7.41297 3.79745 0.286639 0.312645 0.349354 -0.694664 -0.671323 0.258392 0.719275 -0.643661 0.261425 -0.0091832 0.367458 0.929995 0.0163927
880 5.78274 3.82625 3.77779 0.101012 0.120815 0.226343 0.837447 -0.259138 0.481176 0.414665 -0.272228 -0.8683 0.355999 0.926682 -0.120521 0.00144631
881 7.05713 3.91768 3.78384 0.156682 0.16138 0.248622 0.0749999 -0.64484 -0.760629 0.77934 -0.437957 0.448133 -0.622097 -0.626398 0.469703 0.0032916
884 7.15442 5.2955 3.79009 0.141603 0.160629 0.284062 0.196889 0.265605 -0.943763 -0.651358 0.754898 0.076565 0.732781 0.599653 0.321635 0.00338304
886 5.33025 5.71312 3.80729 0.14988 0.204167 0.30571 0.444946 -0.806252 0.389846 -0.657922 0.00105059 0.753085 -0.607586 -0.591571 -0.529984 0.00489822
887 3.70127 5.88573 3.78764 0.161052 0.212511 0.284597 -0.37968 0.558053 -0.737848 -0.812512 -0.582511 -0.022468 -0.442343 0.59098 0.674593 0.00510008
889 3.3498 6.05599 3.82295 0.0957926 0.202285 0.258064 0.858314 0.187632 -0.477588 -0.326035 -0.519291 -0.789961 -0.396229 0.833745 -0.38454 0.00261832
890 4.30669 7.11028 3.80364 0.131275 0.18306 0.43864 0.885857 -0.00945011 0.463863 0.231764 0.875127 -0.424781 -0.401924 0.483802 0.777427 0.00551925
891 7.15833 7.20865 3.79495 0.0836262 0.102942 0.205219 0.968983 0.178505 -0.170906 0.0914136 -0.901411 -0.423204 -0.2296 0.394454 -0.889769 0.000925021
896 5.76766 4.01789 3.79282 0.130412 0.161898 0.169391 0.591869 -0.745214 0.30716 0.0832815 -0.322497 -0.9429 0.80172 0.583654 -0.128813 0.0018726
897 5.27507 4.66835 3.76514 0.116612 0.238033 0.248129 0.182239 0.533275 -0.826079 -0.414114 0.803628 0.427425 0.891795 0.264197 0.367289 0.00360628
898 5.36882 4.92426 3.7795 0.181 0.252164 0.294454 -0.794461 0.442393 0.416077 -0.607315 -0.578841 -0.544162 0.00010936 -0.685005 0.728538 0.00703681
899 5.6296 5.08076 3.85659 0.218438 0.324276 0.378306 0.889736 -0.433653 0.142528 -0.237172 -0.705954 -0.667367 0.390024 0.559977 -0.730963 0.0140309
900 5.00461 5.14102 3.80701 0.184443 0.259952 0.645078 -0.149193 -0.526398 0.837046 0.611223 -0.714517 -0.3404 0.77727 0.460836 0.428347 0.0161944
901 3.03533 5.25256 3.88504 0.186821 0.333044 0.469721 0.778242 0.615029 0.126801 0.5614 -0.590941 -0.579326 -0.28137 0.522042 -0.805172 0.0153026
902 6.42853 5.34731 3.79912 0.187868 0.304499 0.457054 -0.370965 -0.414306 0.831105 -0.294711 -0.796177 -0.528439 0.880642 -0.440968 0.173254 0.0136901
903 3.89014 5.6525 3.83824 0.10015 0.226094 0.280437 0.948092 0.178129 0.263422 0.3161 -0.437621 -0.841765 -0.0346639 0.881339 -0.471211 0.00332485
904 5.84659 5.6816 3.87586 0.18398 0.313027 0.391151 0.855701 0.508431 0.0962968 0.369118 -0.469299 -0.802191 -0.362667 0.721981 -0.589251 0.0117949
905 3.83113 6.48327 3.78863 0.132766 0.237948 0.272002 -0.457972 -0.874216 -0.16127 -0.402436 0.365644 -0.839256 0.792658 -0.319455 -0.51927 0.00449923
906 4.7621 7.21528 3.84183 0.185623 0.263045 0.334508 0.804038 -0.590404 -0.0703339 -0.437654 -0.507604 -0.742157 0.40247 0.627504 -0.666526 0.00855199
907 6.01629 7.55344 3.79306 0.126651 0.185181 0.256148 0.284316 -0.486803 -0.825946 0.432781 0.833898 -0.342513 0.855491 -0.260072 0.44777 0.00314555
908 5.56071 4.11329 3.79464 0.240784 0.286063 0.389074 0.3559 -0.714001 0.60294 0.384762 -0.47601 -0.790805 0.851642 0.513436 0.105308 0.0140321
909 6.07318 4.16898 3.86309 0.147801 0.368031 0.527528 -0.597891 0.707373 0.377027 0.34299 0.650889 -0.677275 -0.724489 -0.27562 -0.631783 0.0150248
910 6.0603 4.36134 3.80764 0.131099 0.169337 0.298499 0.354713 -0.590007 -0.725307 0.253627 0.807383 -0.532735 0.899918 0.0050106 0.436031 0.00346972
911 4.78326 4.56402 3.7839 0.180362 0.277109 0.371081 -0.0182645 0.918296 -0.395473 0.828617 0.235251 0.507988 0.559518 -0.318417 -0.765212 0.00971094
913 6.1663 4.92307 3.86228 0.22326 0.325182 0.450321 -0.945892 0.108457 0.305818 -0.0235643 -0.962957 0.268624 0.323624 0.246883 0.913409 0.0171182
915 5.21378 5.89931 3.7839 0.161954 0.22641 0.301078 -0.240224 -0.172289 0.955306 -0.838494 -0.459027 -0.293635 0.489101 -0.871556 -0.0341939 0.00578049
916 4.00373 6.28848 3.79456 0.180061 0.238659 0.301497 0.249451 0.458627 0.852898 -0.666108 -0.558023 0.494884 0.702904 -0.691572 0.166296 0.00678388
917 4.20816 6.51987 3.83484 0.229661 0.296618 0.415708 0.757726 0.0301712 0.651876 0.329213 0.844824 -0.421772 -0.563445 0.534193 0.630212 0.0148276
919 7.18755 7.35928 3.79343 0.134861 0.15058 0.194205 -0.953673 -0.148989 -0.261362 0.249529 0.0935723 -0.963836 0.168057 -0.984402 -0.0520603 0.00206497
920 4.41191 7.26224 3.77471 0.137393 0.209996 0.363304 0.768578 -0.627881 0.12269 -0.545494 -0.542975 0.638446 -0.334251 -0.557622 -0.759825 0.00548838
923 5.72158 4.7482 3.8642 0.198228 0.2225 0.357411 0.837298 -0.51971 -0.169806 -0.538931 -0.732183 -0.416487 0.0921231 0.440238 -0.893143 0.00825394
924 4.508 5.85892 3.80362 0.165904 0.207481 0.341279 0.477123 -0.638867 0.603492 -0.639242 0.218955 0.737176 -0.603095 -0.737501 -0.303922 0.00615097
927 4.39281 6.88963 3.82078 0.1697 0.334319 0.40857 -0.265999 0.563166 -0.782361 0.932077 -0.0567902 -0.357781 -0.245921 -0.82439 -0.509808 0.0121369
928 6.17337 6.91798 3.8387 0.177314 0.233972 0.302679 0.977043 0.206962 -0.0505422 -0.210554 0.974223 -0.0809724 0.0324811 0.0897553 0.995434 0.00657489
929 4.54691 7.1385 3.78228 0.225697 0.26199 0.306137 -0.179736 0.221263 0.958508 0.843029 -0.46749 0.265998 0.506948 0.85586 -0.102507 0.0094782
930 7.15715 3.31002 3.83464 0.162919 0.24511 0.320758 -0.106546 0.330401 -0.937807 0.386933 0.882608 0.266994 0.915932 -0.334422 -0.221882 0.0067067
931 3.91075 3.2347 3.85396 0.164213 0.185856 0.326061 0.58059 0.320615 0.748412 -0.669623 0.710928 0.214911 -0.463163 -0.625929 0.627449 0.00521052
932 7.29747 4.57535 3.84701 0.190677 0.288277 0.418066 0.918366 -0.367284 -0.147331 -0.230822 -0.194748 -0.953307 0.321442 0.909492 -0.263628 0.0120324
933 3.93759 4.93423 3.86422 0.211222 0.258988 0.369754 0.262799 0.670476 -0.693829 -0.955662 0.279889 -0.091505 0.132843 0.687113 0.714303 0.0105908
934 6.1688 5.2038 3.83625 0.209988 0.328079 0.348049 0.678013 -0.433605 -0.593536 -0.700535 -0.136647 -0.700413 0.222598 0.890682 -0.396404 0.0125549
936 3.74927 5.29902 3.83214 0.177256 0.1922 0.232919 -0.0982621 0.527102 -0.844102 -0.995121 -0.0595832 0.0786354 -0.00884539 0.847711 0.530385 0.00415488
937 3.00882 6.25897 3.86743 0.160437 0.243902 0.40111 -0.322806 -0.794867 0.513793 -0.513993 0.603055 0.610029 -0.794737 -0.067165 -0.603226 0.00821832
939 3.89177 6.62438 3.87179 0.170778 0.310217 0.376062 -0.380364 -0.410594 -0.828695 0.0518481 0.885169 -0.462372 0.923382 -0.218836 -0.315398 0.0104317
940 5.63076 6.6268 3.81642 0.268109 0.283545 0.348318 -0.280583 -0.905306 0.318895 -0.0539848 0.3466 0.936458 -0.95831 0.245539 -0.146123 0.0138646
941 6.57987 7.44307 3.8367 0.274325 0.290272 0.326813 0.896531 0.427995 0.114251 0.376058 -0.599027 -0.706928 -0.234122 0.676748 -0.697997 0.0136259
944 3.72464 3.25194 3.86864 0.123887 0.20163 0.263107 0.140131 -0.980222 0.139746 0.956775 0.170381 0.235696 -0.254845 0.100677 0.961727 0.00344122
945 6.84541 3.82825 3.82352 0.205674 0.244257 0.351391 0.115311 0.211417 0.97057 -0.975895 -0.158151 0.150393 0.185292 -0.964516 0.188084 0.00924308
946 6.60323 4.18484 3.84464 0.193305 0.280296 0.315593 -0.117982 0.585966 -0.801701 0.776743 0.557445 0.29313 0.618668 -0.588131 -0.520914 0.00895335
948 4.78261 4.96788 3.85293 0.123649 0.184169 0.258233 -0.484053 -0.328786 0.810921 -0.60401 -0.544993 -0.581511 0.633139 -0.771286 0.065216 0.00307905
949 6.83781 5.87739 3.9019 0.162531 0.1991 0.507393 -0.516049 0.0897286 -0.851846 0.48234 -0.791391 -0.375563 -0.707842 -0.604689 0.365117 0.00859711
950 4.52658 6.25195 3.82034 0.116083 0.209864 0.254512 -0.0742314 0.983269 -0.166348 0.413199 0.182142 0.892239 0.90761 -0.00250258 -0.419806 0.00324648
951 5.20952 7.35846 3.83674 0.149487 0.161971 0.303286 0.858843 -0.256919 0.443149 -0.511631 -0.388124 0.766546 -0.0249438 -0.885072 -0.464785 0.00384495
957 4.56721 3.69202 3.88946 0.115554 0.223196 0.27839 0.412553 0.91078 -0.016713 0.707732 -0.332022 -0.6236 -0.573512 0.24544 -0.781565 0.00375946
958 3.49784 4.71252 3.82379 0.184147 0.228277 0.382935 0.0702559 0.0995095 0.992553 0.152431 0.982255 -0.109267 -0.985814 0.158972 0.053841 0.0084285
960 3.05375 6.82024 3.8714 0.181859 0.263474 0.418831 0.948601 -0.262623 -0.176593 0.00797957 -0.537975 0.842923 -0.316374 -0.801007 -0.508228 0.0105077
964 4.59782 4.85815 3.90659 0.219685 0.261392 0.459739 0.783379 0.128904 0.60803 0.279417 0.800795 -0.529768 -0.555197 0.584903 0.591308 0.0138231
965 6.98966 5.09463 3.85457 0.140916 0.212277 0.31804 0.240029 0.955618 0.170823 0.842496 -0.117643 -0.525701 -0.482273 0.270101 -0.833342 0.00498134
966 5.08655 5.74317 3.86698 0.173333 0.213426 0.27556 -0.542939 -0.5774 -0.609776 0.184001 -0.790271 0.584478 -0.819366 0.205136 0.535311 0.00533757
968 3.21297 6.0832 3.91193 0.152978 0.168882 0.37913 0.220839 0.964359 0.145748 0.553239 -0.000793678 -0.833022 -0.803217 0.264597 -0.533696 0.00512858
969 5.29492 6.80125 3.88322 0.199269 0.290424 0.545407 0.689243 0.207797 0.694092 0.355997 0.737245 -0.574226 -0.631039 0.642876 0.434166 0.0165269
970 3.1164 7.16081 3.83035 0.181504 0.213453 0.331901 0.817546 0.137975 -0.55909 -0.283597 -0.74851 -0.59942 -0.50119 0.64861 -0.572812 0.00673282
974 3.91481 4.26492 3.88228 0.152307 0.198083 0.347062 0.947317 -0.272822 0.167805 -0.0420436 -0.625288 -0.779261 0.317526 0.731152 -0.603816 0.00548244
976 5.51126 5.30336 3.85733 0.22986 0.268163 0.394153 -0.519898 0.461977 0.718529 0.177386 -0.764422 0.619833 0.835608 0.449707 0.315473 0.0127211
977 3.917 5.38551 3.94738 0.237212 0.326934 0.413113 0.799173 0.597147 -0.0688356 0.465215 -0.541921 0.699926 0.380656 -0.591385 -0.71089 0.0167751
978 3.70903 5.55225 3.83315 0.245538 0.267876 0.481198 0.748651 -0.58922 0.303877 -0.318884 -0.7219 -0.614145 0.581235 0.362879 -0.728344 0.016572
980 5.37115 6.48315 3.81747 0.209261 0.349733 0.405042 0.255817 0.963394 -0.0801894 0.902664 -0.208348 0.376548 0.346056 -0.168711 -0.92292 0.0155211
981 6.33637 6.68731 3.93136 0.222002 0.325563 0.506595 0.190591 0.977459 0.0908291 -0.981022 0.186288 0.0537775 0.0356449 -0.0993549 0.994413 0.0191713
986 6.38887 3.57362 3.87139 0.211017 0.305532 0.478283 0.173954 -0.559884 0.810105 0.587273 0.719332 0.371042 -0.790475 0.411208 0.453935 0.0161457
987 4.86039 3.59375 3.97449 0.163669 0.349159 0.360617 0.0752889 0.991688 0.104335 -0.995633 0.0805531 -0.047189 -0.0552013 -0.100327 0.993422 0.0107903
988 6.36596 4.78126 3.88547 0.236953 0.296096 0.34554 0.740428 -0.13111 -0.659224 0.495772 -0.555726 0.667367 -0.453846 -0.820962 -0.346475 0.0126938
989 3.26043 4.98471 3.86364 0.181955 0.242881 0.363527 -0.220049 -0.253669 -0.941929 0.948871 0.168365 -0.267013 0.226321 -0.952526 0.203651 0.00841187
990 6.06615 5.49697 3.86771 0.232165 0.296978 0.395728 0.00414695 -0.194545 0.980885 0.23127 -0.954114 -0.190214 0.972881 0.227638 0.0410359 0.0142862
991 6.04926 5.83185 3.86281 0.236678 0.297635 0.412243 -0.108024 0.0547488 -0.99264 -0.218175 -0.975447 -0.0300577 -0.969913 0.213322 0.117316 0.0152053
992 4.16272 6.10593 3.84545 0.168903 0.195518 0.210142 0.0726056 0.551762 -0.830835 0.860323 0.386773 0.332041 0.504552 -0.738895 -0.446612 0.00363359
993 4.67838 6.15405 3.88413 0.19303 0.225457 0.336791 0.215762 0.194256 -0.956928 -0.861216 0.499706 -0.0927414 0.460167 0.844132 0.275114 0.00767447
995 5.56928 6.82171 3.90745 0.153153 0.304139 0.313743 0.562586 -0.81599 -0.132882 0.194982 0.287154 -0.93783 0.803417 0.5017 0.320652 0.00765191
996 6.36981 7.42288 3.91099 0.18253 0.239598 0.284792 0.353032 -0.916805 -0.186646 0.871949 0.394727 -0.289649 0.339225 -0.0604901 0.938758 0.00652146
1000 5.90365 4.22815 3.93126 0.221089 0.341496 0.426802 0.699981 -0.631511 -0.333497 0.713137 0.643087 0.279061 0.0382371 -0.433166 0.900503 0.0168724
1001 3.6525 4.33083 3.89126 0.126487 0.257828 0.299025 0.2986 0.263792 0.917198 -0.703688 0.710074 0.0248686 -0.644718 -0.652847 0.397655 0.00510602
1002 6.43213 4.4839 3.89534 0.212702 0.260323 0.466872 0.00614085 0.120887 0.992647 -0.151299 -0.981126 0.12042 0.988469 -0.150926 0.0122651 0.0135357
1003 4.94413 4.43554 3.93138 0.198041 0.381047 0.469421 0.0102987 0.479521 0.87747 -0.152375 -0.866516 0.475323 0.988269 -0.138599 0.0641428 0.0185479
1005 6.5455 5.10733 3.86435 0.188512 0.331028 0.568574 -0.363502 0.700128 -0.614563 0.0469739 0.672626 0.73849 0.930409 0.239574 -0.277388 0.0185776
1007 7.34164 6.71803 3.89424 0.146905 0.190182 0.219896 -0.356117 -0.642284 0.678713 -0.571432 -0.425007 -0.702022 0.739355 -0.63784 -0.21567 0.00321679
1010 5.0959 7.43605 3.87624 0.104544 0.205971 0.276991 0.606231 -0.790706 0.0852546 -0.690475 -0.576494 -0.43692 0.394624 0.206008 -0.895451 0.00312298
1013 7.11693 3.68588 3.85295 0.204628 0.262831 0.406912 -0.0921192 0.655891 0.749214 -0.965394 0.125534 -0.228596 -0.243986 -0.744344 0.621629 0.0114589
1015 3.6298 4.78551 3.90291 0.1851 0.202161 0.272483 0.36191 -0.929464 0.0715373 -0.798982 -0.348806 -0.489859 0.480259 0.120128 -0.868862 0.00533876
1016 5.32267 5.37281 3.93286 0.15307 0.243922 0.313843 0.82688 -0.388104 -0.406995 -0.562171 -0.590088 -0.579447 -0.0152766 0.707934 -0.706113 0.00613554
1017 4.93495 6.83415 3.95099 0.157326 0.241577 0.34215 0.352312 -0.843314 0.40583 -0.852036 -0.109625 0.511876 -0.387183 -0.526122 -0.757156 0.00680882
1019 5.95782 7.2429 3.96729 0.251874 0.322903 0.400419 -0.530439 -0.705135 -0.470552 0.688381 -0.682233 0.246353 -0.494739 -0.193244 0.847284 0.0170517
1020 3.88842 7.37589 3.88549 0.230021 0.27608 0.41133 0.281414 -0.772034 -0.569886 0.885482 -0.0199216 0.464246 -0.369767 -0.635269 0.678016 0.013677
1025 3.31273 4.15518 3.91018 0.188362 0.260034 0.301282 -0.834258 -0.127341 -0.536468 -0.406471 -0.515374 0.754434 -0.372552 0.847451 0.378195 0.00772671
1026 7.17176 5.59413 3.94498 0.152801 0.276924 0.371149 0.792857 -0.259744 -0.551281 0.495494 0.801398 0.335033 0.354773 -0.53879 0.764096 0.00822307
1027 4.29993 5.90893 3.86816 0.229591 0.28299 0.322384 -0.689086 0.615341 0.382775 0.258585 0.702213 -0.663348 -0.676974 -0.358123 -0.643003 0.0109673
1028 3.61416 6.52906 3.8969 0.16276 0.181398 0.227904 0.73609 0.503159 0.452773 -0.344429 -0.297411 0.890458 0.582701 -0.811405 -0.0456185 0.00352315
1029 4.98827 7.22025 3.8996 0.213499 0.249506 0.285242 -0.490883 -0.398891 -0.774545 0.227922 0.79927 -0.556074 0.840884 -0.449503 -0.301432 0.00795589
1032 3.27604 3.22332 3.90213 0.188561 0.226782 0.275459 0.821318 -0.0795232 0.564901 -0.541947 0.200437 0.816161 -0.178131 -0.976474 0.121525 0.0061676
1035 7.23696 5.00053 3.88771 0.179378 0.263862 0.404591 0.490208 0.864819 -0.108559 0.764162 -0.366526 0.530768 0.419229 -0.343143 -0.840535 0.0100268
1036 4.13247 5.09635 3.973 0.199046 0.273414 0.430343 0.499126 0.846534 -0.185077 0.452562 -0.0725224 0.888779 0.738959 -0.527372 -0.419307 0.0122628
1037 3.7353 5.14106 3.91961 0.103343 0.125077 0.204048 0.755991 -0.652836 0.047776 0.0204362 -0.0494122 -0.998569 0.654263 0.755886 -0.0240137 0.001381
1038 3.18388 5.3056 3.94342 0.0871034 0.162674 0.228235 0.799833 0.478499 -0.36236 -0.0654036 -0.530636 -0.845073 -0.596648 0.699617 -0.393125 0.0016933
1040 4.83331 5.62423 3.90756 0.14219 0.168424 0.212503 0.53858 0.199015 0.818733 0.663221 0.499194 -0.557623 -0.519682 0.843326 0.136865 0.00266463
1041 4.79416 5.99722 4.04727 0.145099 0.240717 0.537815 0.65162 -0.75022 -0.112077 -0.58483 -0.590973 0.55563 -0.48308 -0.296513 -0.823841 0.00983562
1042 5.74106 6.81873 3.91647 0.066763 0.140684 0.175779 0.751304 -0.00147354 -0.659954 0.216773 -0.943963 0.248886 -0.623339 -0.330049 -0.708884 0.000864461
1043 4.65277 7.37692 3.91472 0.183871 0.204255 0.288882 0.113553 -0.830185 -0.545801 -0.224813 0.513636 -0.828032 0.967763 0.216729 -0.128311 0.00568074
1044 3.76377 7.5603 3.88499 0.190771 0.253893 0.388016 0.324022 -0.945867 0.0186056 -0.508821 -0.190818 -0.839458 0.797565 0.262536 -0.543106 0.00984037
1048 4.49073 3.53704 3.90509 0.187182 0.252342 0.484406 0.45299 -0.732322 0.508433 0.644591 0.663015 0.380675 -0.615875 0.155289 0.772388 0.0119801
1050 4.48351 5.07848 3.99658 0.184127 0.285017 0.485686 -0.192476 -0.885725 -0.422426 0.847854 -0.366837 0.382849 -0.494061 -0.284466 0.821573 0.0133457
1051 3.91412 6.04905 3.9054 0.237261 0.309006 0.393839 0.0721335 0.430703 -0.899606 -0.971531 0.234411 0.0343281 0.225663 0.871519 0.43535 0.0151186
1052 7.12341 6.05478 3.94844 0.157206 0.217629 0.26959 0.757495 -0.557162 -0.340253 -0.531048 -0.222723 -0.817547 0.379724 0.799978 -0.464591 0.00482935
1053 4.32045 6.3325 3.95438 0.219048 0.250599 0.348773 0.333134 0.732077 -0.59421 -0.929449 0.360961 -0.0763696 0.158578 0.577729 0.800676 0.0100244
1055 2.94929 3.74676 3.93567 0.187049 0.227606 0.361432 0.856307 -0.0212609 0.516029 -0.335627 -0.782324 0.524713 0.392546 -0.622508 -0.677046 0.00805682
1056 4.27323 3.70683 3.95844 0.143294 0.223985 0.27112 -0.925245 -0.182988 0.332322 0.118144 -0.971404 -0.205953 0.360505 -0.151295 0.920405 0.00455623
1057 5.50511 3.84503 3.93108 0.203254 0.280693 0.466276 0.261958 -0.458337 0.849297 0.0589017 0.88598 0.459967 -0.96328 -0.0704668 0.259086 0.0139287
1059 3.77406 6.32095 3.92236 0.160714 0.23212 0.314965 -0.0624417 0.263813 -0.962551 -0.872764 -0.482259 -0.0755588 -0.484132 0.835362 0.260359 0.00615216
1060 4.69108 6.83289 3.99642 0.176257 0.248342 0.431634 0.757648 0.52496 0.387796 0.575578 -0.257303 -0.776212 -0.307699 0.811303 -0.497101 0.00989262
1064 3.0994 4.25278 3.98054 0.133676 0.177726 0.423165 0.00111247 0.326575 0.945171 -0.650672 0.71796 -0.247304 -0.759358 -0.614721 0.213292 0.00526395
1066 5.47476 4.55444 3.97196 0.164276 0.211932 0.267463 0.594638 0.646167 0.478407 -0.749231 0.661207 0.0381908 -0.291649 -0.381147 0.877307 0.00487566
1067 3.08813 4.77384 3.98348 0.209493 0.24491 0.423541 0.117471 0.985671 0.121048 0.0779887 0.112359 -0.990602 -0.990009 0.125808 -0.0636722 0.0113781
1068 5.69527 4.9016 3.92967 0.10641 0.145274 0.257175 0.99148 -0.113441 -0.0640148 -0.126292 -0.957529 -0.259207 -0.0318913 0.265083 -0.963698 0.00208159
1069 3.48563 4.98556 3.94988 0.181686 0.189324 0.311918 0.13554 0.946233 -0.293721 0.204368 0.26338 0.942796 0.969465 -0.187814 -0.157681 0.00561781
1070 6.75753 5.40185 3.94313 0.140814 0.270076 0.371569 0.158199 -0.224907 0.961452 0.693489 -0.667829 -0.270329 0.702884 0.709522 0.0503205 0.00739898
1071 2.92575 5.49581 3.97447 0.20637 0.262272 0.394408 -0.624045 -0.704759 0.337466 0.131513 0.330989 0.934425 -0.770242 0.627505 -0.113867 0.0111774
1072 4.51513 5.75627 3.95442 0.126081 0.209229 0.283098 0.47781 -0.264763 -0.837615 -0.124687 0.923406 -0.363007 0.869569 0.277888 0.4082 0.00391026
1073 4.12409 5.94114 3.97952 0.159348 0.176246 0.340449 0.91768 -0.098134 -0.385011 0.230625 0.920631 0.31504 0.323537 -0.377899 0.867477 0.00500627
1074 4.88898 6.99526 3.94921 0.159825 0.209402 0.348841 -0.167856 0.490933 -0.854873 -0.254366 0.816244 0.518695 0.95243 0.304517 -0.0121346 0.00611297
1075 5.00656 3.34984 3.8405 0.213068 0.317767 0.492319 0.22972 0.812955 -0.5351 -0.957974 0.285921 0.0231267 0.171797 0.5073 0.844472 0.0174531
1077 5.7505 4.47308 3.96394 0.187754 0.262204 0.370375 -0.888448 0.0741585 0.452946 0.455049 0.013487 0.890364 0.0599192 0.997155 -0.0457283 0.00954707
1078 5.25343 4.5671 3.97398 0.221341 0.303585 0.437569 0.782688 -0.516311 -0.347595 0.071251 -0.480466 0.874114 -0.618323 -0.708925 -0.339267 0.0153952
1079 5.18605 4.78873 3.91649 0.157412 0.200358 0.546778 -0.168239 -0.599487 0.782503 0.450941 -0.752691 -0.479695 0.876554 0.272159 0.396965 0.00902934
1080 4.15971 4.86067 3.98842 0.163418 0.263648 0.28045 -0.870994 -0.442133 -0.214215 0.454717 -0.890571 -0.0107596 -0.186017 -0.106779 0.976727 0.00632672
1081 6.88147 5.09801 3.99211 0.139296 0.234809 0.509206 -0.19773 0.423023 0.884282 -0.978034 -0.0244224 -0.20701 -0.0659738 -0.90579 0.41856 0.00872061
1082 7.2536 5.37835 3.9613 0.139432 0.217882 0.226861 -0.28863 -0.956984 -0.0295705 -0.820409 0.263125 -0.507636 0.49358 -0.122259 -0.861064 0.00360865
1083 5.17385 5.51341 3.97771 0.130124 0.196576 0.297454 0.937548 0.34656 -0.0300063 0.058177 -0.0711695 0.995766 0.342957 -0.935324 -0.0868866 0.00398388
1085 3.52789 5.79418 3.98035 0.231174 0.346879 0.471675 0.450668 0.201093 0.869747 0.26474 0.90036 -0.345348 -0.852532 0.385894 0.352526 0.0198042
1086 3.35247 6.37189 3.99168 0.184626 0.213948 0.500991 0.405087 -0.35002 0.844624 0.823475 -0.261696 -0.503393 0.397232 0.899445 0.182223 0.0103617
1088 6.07948 6.76393 3.98825 0.21509 0.292468 0.320312 -0.341722 0.623485 -0.703202 0.275748 0.78183 0.5592 0.898437 -0.00281551 -0.439093 0.0105505
1089 4.43643 7.37375 3.95417 0.157131 0.187218 0.236671 0.710739 -0.58 -0.398058 -0.519843 -0.0518175 -0.852689 0.473933 0.812967 -0.338338 0.00364546
1090 4.88446 7.41549 3.97717 0.191016 0.230247 0.275304 0.37007 0.887892 -0.273305 -0.924356 0.322532 -0.20381 -0.0928117 0.328055 0.940088 0.00633978
1091 6.23231 7.53285 3.99029 0.127751 0.218311 0.269481 -0.0559794 -0.997927 0.031738 -0.994814 0.058452 0.0832345 -0.0849171 -0.0269139 -0.996024 0.0039352
1097 5.71564 3.88625 4.01687 0.164654 0.185669 0.373141 -0.608334 0.517179 -0.602043 -0.0956284 -0.800781 -0.591275 -0.787899 -0.30212 0.536599 0.00597286
1098 5.20778 4.98614 3.93952 0.206636 0.214371 0.293409 0.206382 -0.735775 -0.645013 0.856217 -0.183268 0.483016 -0.473601 -0.651957 0.59216 0.00680526
1099 4.99073 5.11329 3.98299 0.185387 0.25076 0.376516 -0.251202 -0.628852 0.735828 0.491591 -0.737749 -0.462671 0.833808 0.245503 0.494462 0.00916471
1100 6.34014 5.8605 3.96653 0.155453 0.230556 0.248105 -0.605708 -0.403176 0.685979 -0.515364 0.855635 0.0478315 -0.606232 -0.324557 -0.726048 0.00465598
1103 3.8311 7.12473 3.97665 0.191672 0.224572 0.358902 -0.320234 0.738597 -0.593232 0.323435 0.673824 0.664342 0.890416 0.020873 -0.45467 0.00808889
1104 6.01073 7.46494 4.0217 0.175542 0.288541 0.36267 0.276097 0.950725 -0.141037 0.870689 -0.185267 0.455606 0.407027 -0.248591 -0.878938 0.00961832
1106 3.4752 3.23212 3.96668 0.208995 0.252483 0.392992 0.574498 -0.724714 0.380449 0.733662 0.662018 0.153206 -0.362895 0.191105 0.912023 0.010858
1107 6.81612 3.33328 3.99764 0.250215 0.282913 0.443902 0.424912 0.126221 0.896392 -0.199648 0.978915 -0.0432027 -0.882944 -0.160606 0.441153 0.0164533
1109 6.04298 3.87957 4.01578 0.22961 0.357378 0.424096 0.373818 0.867505 0.32817 -0.229718 -0.256202 0.93893 0.898604 -0.426376 0.103509 0.0182214
1110 4.48064 4.39066 4.01649 0.148879 0.203909 0.355517 0.961531 -0.166167 -0.218737 -0.0520338 -0.892052 0.448928 -0.269722 -0.420276 -0.866382 0.00565106
1111 6.73508 4.62223 3.99239 0.17263 0.232168 0.406898 0.428315 -0.890773 -0.151887 -0.297364 -0.297667 0.907177 -0.8533 -0.343391 -0.392379 0.00853893
1112 4.44121 6.14387 4.00782 0.24246 0.283141 0.37498 0.497982 -0.614689 0.611696 0.838745 0.162232 -0.519796 0.220276 0.771906 0.596356 0.0134787
1113 5.98287 6.56398 3.99105 0.160595 0.289593 0.447552 0.235026 -0.970881 0.0463937 -0.657743 -0.123718 0.743012 -0.715637 -0.205142 -0.667668 0.0108984
1114 3.21451 7.24332 4.00726 0.192339 0.270013 0.528688 0.669079 0.289412 0.684525 0.712218 0.013441 -0.70183 -0.212319 0.95711 -0.197131 0.0143764
1117 7.02268 5.37205 4.01556 0.2445 0.270484 0.338806 0.897273 -0.325832 -0.297885 0.277078 0.940933 -0.194609 0.3437 0.0920804 0.934554 0.011732
1118 6.97459 5.59355 3.99451 0.192753 0.211081 0.256012 -0.33933 -0.883645 -0.322532 -0.0801528 0.36879 -0.92605 0.937246 -0.288385 -0.195968 0.00545394
1119 3.10444 5.61869 4.01061 0.134847 0.202327 0.297746 -0.216365 -0.758601 0.614581 0.618642 -0.593515 -0.514803 0.755294 0.26882 0.597718 0.00425343
1120 5.52505 5.79591 4.0247 0.139977 0.225061 0.269234 -0.391124 0.865316 0.313451 -0.771787 -0.122847 -0.623902 -0.501366 -0.48594 0.715887 0.00444105
1122 4.93998 6.4097 3.97512 0.229589 0.358394 0.365632 0.0616472 -0.985144 -0.160285 0.947059 0.108432 -0.302194 0.315084 -0.13317 0.939674 0.0157527
1123 5.97498 6.99817 3.99901 0.113168 0.165209 0.346187 0.12256 0.2434 0.962152 -0.17957 0.958898 -0.219703 -0.976081 -0.145846 0.16123 0.00338897
1124 6.23078 7.14147 3.97817 0.199115 0.315606 0.434394 0.911408 0.309476 -0.27122 0.333422 -0.169088 0.927491 0.241176 -0.935753 -0.257294 0.0142933
1128 6.51245 3.43206 4.08585 0.181718 0.257636 0.382826 0.625969 0.779715 -0.0144066 0.77494 -0.619853 0.123492 0.0873584 -0.0884662 -0.992241 0.00938439
1129 6.9773 3.73655 3.99682 0.173831 0.185214 0.27901 -0.757398 0.429161 -0.492107 -0.215167 -0.87561 -0.432446 -0.616483 -0.221649 0.755527 0.00470348
1130 3.41354 4.36253 4.06149 0.191859 0.277424 0.364979 -0.62284 -0.684675 0.378537 0.782143 -0.533822 0.321382 -0.017971 0.49624 0.867999 0.0101717
1133 3.7791 5.31589 3.9896 0.0935929 0.130709 0.159799 0.354917 0.129729 -0.925853 0.526541 0.790584 0.31262 0.772521 -0.598454 0.212283 0.00102358
1134 4.73664 5.56431 4.03014 0.156182 0.206124 0.259665 0.812452 0.559774 0.163016 0.0601223 -0.358552 0.931572 0.57992 -0.747056 -0.324961 0.00437693
