index	bbIndex_1	bbIndex_2	bbIndex_3	bbSize_1	bbSize_2	bbSize_3	bary_1	bary_2	bary_3	ellALength_1	ellALength_2	ellALength_3	ellAOri_11	ellAOri_12	ellAOri_13	ellAOri_21	ellAOri_22	ellAOri_23	ellAOri_31	ellAOri_32	ellAOri_33	voxel	Vphy	Aphy	Dv	index	V	S	nSI	SlSo
602	225	65	33	31	41	40	5.09216	3.64983	4.00477	0.152665	0.224857	0.495618	-0.00382066	0.743679	0.668526	-0.99	0.091459	-0.107398	-0.141013	-0.662251	0.735893	7502	0.00890822	0.443858	0.257196	all	0.0611577	0.273913	0.604061	0.620434
627	68	279	33	24	30	47	3.38914	5.85522	4.02389	0.151388	0.209211	0.465	0.726244	-0.66151	0.187012	-0.673744	-0.630909	0.384737	-0.13652	-0.405412	-0.903883	6494	0.00771128	0.326189	0.245118	all	0.0171231	0.225569	0.837921	0.446072
636	366	99	24	37	41	49	6.62175	4.07478	3.96876	0.200965	0.250642	0.392741	0.985014	0.0602381	-0.161614	0.0319413	-0.984529	-0.172285	-0.169491	0.164541	-0.971699	8723	0.0103581	0.504123	0.270454	all	0.0249096	0.321155	0.882389	0.569719
661	449	64	27	25	33	53	7.43172	3.58453	4.02929	0.176753	0.190685	0.403118	0.945914	0.300146	0.123121	0.31422	-0.942042	-0.117566	0.0806978	0.149895	-0.985403	5991	0.00711399	0.412365	0.238619	all	0.0208293	0.242415	0.813728	0.701070
664	370	135	37	15	25	33	6.55437	4.3292	4.0127	0.0935404	0.15823	0.301391	0.949031	0.235047	0.209986	0.309539	-0.820584	-0.480444	0.0593845	0.520955	-0.851516	1967	0.00233571	0.164632	0.164617	all	0.131788	0.0977577	0.279388	0.684082
666	442	200	35	35	47	39	7.41914	5.12167	4.00522	0.179634	0.276911	0.449946	0.783013	-0.225967	-0.579507	-0.612213	-0.44465	-0.653821	-0.109936	0.866732	-0.486507	9869	0.0117189	0.524695	0.281814	all	0.0937966	0.271456	0.521449	0.932892
678	330	197	26	38	51	44	6.23941	5.13019	3.95969	0.242073	0.326669	0.405977	0.831748	0.551252	-0.0656997	0.0175946	-0.144461	-0.989354	-0.554874	0.821738	-0.129854	14156	0.0168095	0.583482	0.317823	all	0.0315503	0.389768	0.898449	0.496998
680	285	254	34	31	30	38	5.76783	5.62117	4.02421	0.179649	0.228865	0.390743	0.878506	-0.321313	0.353533	-0.173566	-0.904125	-0.390426	0.445087	0.28163	-0.850048	7084	0.00841187	0.346098	0.252328	all	0.0682348	0.217954	0.519523	0.587941
683	209	53	37	28	27	36	4.90151	3.47767	4.0266	0.139686	0.236332	0.351524	-0.821173	0.108282	0.560313	-0.0322644	-0.989073	0.143855	0.569767	0.100051	0.815693	5117	0.00607616	0.248567	0.226400	all	0.0315738	0.17199	0.596669	0.445241
684	265	89	27	61	44	45	5.72018	3.93085	4.01012	0.225625	0.333033	0.474151	0.0354231	-0.78024	0.624477	-0.0653635	-0.62534	-0.77761	0.997233	-0.0132726	-0.0731507	15710	0.0186548	0.785007	0.329052	all	0.0861973	0.521293	0.743249	0.505884
685	263	110	40	24	38	30	5.45738	4.10929	4.02618	0.121601	0.241548	0.340344	0.594372	-0.510287	-0.621554	0.8029	0.4203	0.422729	0.0455259	-0.750304	0.659524	4408	0.00523426	0.317754	0.215420	all	0.0168138	0.178556	0.750051	0.779576
687	403	192	27	46	41	49	7.10412	4.98488	3.97836	0.265397	0.360751	0.399625	-0.306681	-0.913716	-0.266588	0.81629	-0.396532	0.420039	-0.489508	-0.0887954	0.867466	16871	0.0200334	0.719935	0.336965	all	0.114048	0.447539	0.627303	0.608653
690	173	248	39	34	36	36	4.52695	5.59854	4.03214	0.200494	0.297148	0.370309	-0.793972	-0.257887	-0.550548	0.170451	-0.96368	0.20559	-0.583571	0.0693916	0.809092	9728	0.0115515	0.550303	0.280466	all	0.0859431	0.327717	0.589889	0.679202
695	73	454	40	33	28	38	3.48439	7.74159	4.02508	0.155082	0.215978	0.350325	-0.726591	0.367673	-0.580415	-0.423323	-0.904943	-0.0433146	-0.541168	0.214231	0.813168	5174	0.00614385	0.368917	0.227238	all	0.0457034	0.206769	0.578341	0.784199
701	313	288	40	28	14	35	5.99721	5.89023	4.04356	0.0836333	0.180376	0.281576	-0.0586161	-0.975339	-0.212786	-0.895622	0.145529	-0.420337	0.440938	0.165937	-0.882065	1873	0.00222409	0.174249	0.161951	all	0.173815	0.0857385	0.238589	1.032331
704	200	360	40	36	37	34	4.86231	6.72498	4.03672	0.148159	0.257045	0.326092	0.643003	-0.528132	-0.554639	-0.137142	0.633094	-0.761829	0.753485	0.565923	0.334652	5476	0.00650246	0.40216	0.231576	all	0.0580285	0.198151	0.522848	1.029563
705	83	433	39	38	31	33	3.62281	7.53053	4.01209	0.194142	0.281974	0.29604	0.133651	0.792381	0.595206	0.139708	-0.609661	0.780254	0.981132	-0.0211267	-0.192184	7146	0.00848549	0.420127	0.253062	all	0.0563274	0.247601	0.590284	0.696790
710	338	96	32	40	40	41	6.27563	4.02664	3.95236	0.172815	0.225952	0.348937	0.791124	0.611647	-0.00312947	0.301181	-0.394	-0.868363	-0.532365	0.68604	-0.495919	6008	0.00713418	0.345893	0.238844	all	0.0245147	0.21338	0.723091	0.621019
716	290	199	39	28	30	32	5.76986	5.03814	4.01601	0.118794	0.260431	0.333093	0.647015	0.563124	-0.514065	0.757202	-0.553711	0.34648	-0.0895323	-0.613429	-0.784658	4544	0.00539576	0.293371	0.217613	all	0.0875329	0.174504	0.427829	0.681171
726	263	159	35	29	39	37	5.4771	4.66839	4.00626	0.109053	0.237882	0.353532	-0.699849	-0.464898	0.542292	0.714163	-0.469775	0.518925	0.0135084	0.750454	0.660785	4044	0.00480203	0.335975	0.209319	all	0.0366273	0.173994	0.571159	0.930957
727	73	229	31	35	35	40	3.5093	5.40311	4.00196	0.242	0.311049	0.347317	0.928763	0.369425	-0.0304051	0.237209	-0.529319	0.814587	0.284835	-0.763771	-0.579243	11528	0.0136889	0.416742	0.296795	all	0.0838436	0.307796	0.576412	0.353955
728	155	249	44	37	17	36	4.35354	5.49703	4.10758	0.102477	0.238223	0.337778	0.192225	0.981268	0.0127626	0.955119	-0.184084	-0.232081	-0.225384	0.0568014	-0.972613	3636	0.00431756	0.265961	0.202029	all	0.156784	0.151539	0.328286	0.755066
730	443	367	43	37	38	38	7.3988	6.82081	4.11641	0.139548	0.183069	0.451494	-0.505345	0.38646	0.771541	-0.727008	-0.672327	-0.139412	0.46485	-0.631368	0.620717	5086	0.00603935	0.38053	0.225942	all	0.1002	0.20409	0.442295	0.864521
738	413	49	37	43	44	48	7.20044	3.52436	4.07329	0.273723	0.296789	0.425611	-0.926683	0.34034	-0.159459	-0.354397	-0.93253	0.0692099	-0.125145	0.120647	0.984776	15246	0.0181038	0.736153	0.325779	all	0.0910246	0.449448	0.677711	0.637905
740	441	133	33	48	32	37	7.43065	4.37672	4.01463	0.161497	0.324591	0.396287	0.340471	0.819949	0.460177	-0.0762555	-0.463726	0.882691	0.937158	-0.335622	-0.0953596	9160	0.010877	0.545403	0.274897	all	0.0107441	0.328095	1.18041	0.662333
741	197	291	46	25	24	26	4.787	5.95403	4.06624	0.120195	0.234658	0.299517	0.392358	-0.750193	0.532226	0.883036	0.46919	0.0103658	-0.257492	0.465908	0.846539	3725	0.00442324	0.242661	0.203664	all	0.0114211	0.144973	0.768833	0.673836
742	93	320	44	22	29	27	3.67659	6.30991	4.05326	0.137915	0.217464	0.262993	-0.881486	0.350756	0.316153	-0.465914	-0.755	-0.461409	0.0768534	-0.554026	0.828945	3478	0.00412994	0.22626	0.199059	all	0.0142532	0.138186	0.697193	0.637358
744	120	344	34	40	41	39	3.98622	6.63428	4.01808	0.272142	0.318442	0.426975	0.916673	-0.394503	0.063863	-0.0860368	-0.350866	-0.932465	0.390267	0.849271	-0.355571	16316	0.0193744	0.534539	0.333229	all	0.0357773	0.395296	0.867661	0.352250
749	130	256	44	33	21	31	4.12739	5.58773	4.08572	0.148374	0.2065	0.328789	0.0184247	0.999799	0.00784501	0.578422	-0.0170588	0.815559	0.81553	-0.0104887	-0.57862	4442	0.00527464	0.337766	0.215972	all	0.0352583	0.187683	0.600782	0.799662
750	362	278	46	29	16	29	6.54982	5.78942	4.08515	0.0885786	0.167198	0.274559	-0.225683	-0.911464	-0.343949	-0.691853	0.398514	-0.602101	0.685862	0.102078	-0.720537	1793	0.00212909	0.155608	0.159612	all	0.12729	0.076532	0.250081	1.033241
751	181	282	42	22	26	33	4.57238	5.88011	4.06194	0.121541	0.194149	0.332244	0.510379	-0.777607	0.367207	0.856926	0.424112	-0.292928	0.072046	0.464173	0.882809	3457	0.004105	0.264858	0.198657	all	0.00351807	0.146874	1.14585	0.803301
753	166	374	41	28	24	34	4.4423	6.84224	4.04547	0.139841	0.239425	0.301894	-0.259649	-0.904581	-0.338105	0.911583	-0.114024	-0.394987	0.318746	-0.410769	0.854207	4457	0.00529245	0.27514	0.216215	all	0.177828	0.16765	0.331101	0.641157
755	411	427	46	43	46	29	7.15993	7.48745	4.06287	0.15716	0.219889	0.428861	-0.561667	0.457099	0.68963	0.54928	-0.417325	0.723969	0.618725	0.78543	-0.0166775	6535	0.00775996	0.450812	0.245633	all	0.0697682	0.257161	0.560155	0.753034
757	135	426	43	44	32	28	4.22073	7.47127	4.05353	0.142041	0.201534	0.349534	0.315366	-0.830886	0.458446	-0.305968	0.368271	0.877929	-0.898291	-0.417139	-0.138084	4412	0.00523901	0.335318	0.215485	all	0.1013	0.188808	0.423869	0.775973
758	145	76	31	40	30	48	4.31643	3.72051	4.03967	0.175308	0.256774	0.393421	0.175386	0.979521	0.0988895	-0.9845	0.174439	0.0182031	0.000580119	-0.100549	0.994932	7809	0.00927277	0.437565	0.260658	all	0.00777724	0.264151	1.17962	0.656496
762	235	281	41	18	36	31	5.11825	5.93988	4.05128	0.12984	0.193993	0.343942	0.971569	-0.042995	0.232821	-0.220962	-0.517837	0.826451	0.0850302	-0.854398	-0.512614	3820	0.00453605	0.263301	0.205381	all	0.0727102	0.152722	0.425771	0.724054
763	55	325	48	19	38	36	3.22636	6.42758	4.16294	0.110934	0.149611	0.367296	0.742648	-0.524969	-0.41579	-0.66967	-0.585851	-0.456422	-0.00398404	0.617403	-0.786637	2688	0.00319186	0.234865	0.182676	all	0.0243251	0.126845	0.558954	0.851591
765	391	384	42	25	36	40	6.85443	7.00339	4.10379	0.146218	0.242936	0.400623	0.965109	-0.230866	-0.123553	-0.182738	-0.931783	0.313668	-0.18754	-0.280146	-0.94146	6275	0.00745123	0.393418	0.242331	all	0.117415	0.22693	0.44238	0.733654
769	120	437	38	36	34	36	3.98089	7.5866	4.07569	0.168807	0.250772	0.349938	0.710796	0.334975	-0.618516	-0.0421783	0.898039	0.437888	0.702133	-0.285161	0.652451	6532	0.0077564	0.355725	0.245596	all	0.0605231	0.214919	0.536935	0.655158
770	103	453	46	20	27	32	3.75913	7.71347	4.08243	0.126632	0.245661	0.297438	-0.841348	-0.435916	0.319548	-0.540459	0.671839	-0.506493	0.00610375	-0.59884	-0.800846	4080	0.00484478	0.226173	0.209938	all	0.0823268	0.15019	0.405102	0.505913
771	55	464	46	26	19	36	3.27239	7.78577	4.13751	0.09096	0.18677	0.32559	0.42572	0.902978	0.0582446	0.851386	-0.421533	0.312174	0.306438	-0.0833102	-0.948238	2439	0.00289618	0.221887	0.176852	all	0.181019	0.121918	0.280684	0.819969
774	404	16	36	38	70	47	7.02512	3.26956	4.04317	0.215197	0.328767	0.49909	0.859459	0.106287	0.500034	-0.429896	-0.379023	0.81947	0.276623	-0.919263	-0.280063	15570	0.0184885	0.775408	0.328071	all	0.154561	0.544681	0.625358	0.423600
776	381	182	34	41	33	36	6.77879	4.86328	4.04688	0.167801	0.270813	0.404187	-0.0988772	-0.802036	-0.589035	-0.591435	0.523405	-0.613394	0.800268	0.287725	-0.526105	8099	0.00961713	0.397728	0.263845	all	0.154851	0.237531	0.412712	0.674426
777	436	237	43	50	46	50	7.43277	5.49366	4.10961	0.205362	0.281094	0.402804	0.0279178	-0.817839	0.574769	0.900555	0.270133	0.34063	-0.433845	0.508101	0.744051	10253	0.0121749	0.628229	0.285423	all	0.0579466	0.351846	0.697041	0.785523
780	409	392	46	45	42	41	7.13823	7.16252	4.14123	0.22082	0.321131	0.408367	0.869257	0.262091	0.419167	-0.260343	0.963488	-0.0625431	-0.420254	-0.0547613	0.905753	12769	0.0151625	0.61992	0.307084	all	0.129809	0.409528	0.574731	0.513743
789	184	162	46	30	22	34	4.64082	4.58674	4.13563	0.157738	0.265469	0.318017	0.28612	0.924109	-0.253294	-0.957971	0.270176	-0.0964174	-0.0206661	0.270235	0.962572	5872	0.00697269	0.260414	0.237029	all	0.0797129	0.176645	0.444084	0.474222
790	91	160	45	32	27	36	3.6613	4.59	4.1069	0.197636	0.224513	0.369681	-0.841776	-0.0407259	0.538289	-0.0776777	-0.977635	-0.195438	0.534209	-0.206328	0.819786	7233	0.0085888	0.283925	0.254084	all	0.0411345	0.2235	0.62277	0.270358
794	224	344	49	27	27	29	5.05911	6.59214	4.13075	0.105733	0.194037	0.293153	0.0787787	0.758078	0.647388	-0.996553	0.0768362	0.0312939	-0.0260197	-0.647622	0.761518	2652	0.00314911	0.212879	0.181857	all	0.156159	0.115096	0.286483	0.849578
805	417	143	48	28	20	32	7.10525	4.39488	4.11746	0.139445	0.195251	0.321434	0.336773	0.939733	0.0590463	0.745848	-0.304514	0.592438	0.574714	-0.155477	-0.80345	3859	0.00458236	0.227247	0.206077	all	0.0707315	0.148996	0.424431	0.525189
806	389	210	45	35	37	26	6.79136	5.22034	4.07166	0.174922	0.202075	0.375781	0.302903	-0.191517	0.93358	0.873126	-0.336855	-0.352392	0.38197	0.921873	0.0651846	5857	0.00695487	0.308441	0.236826	all	0.0157493	0.184688	0.779633	0.670065
807	95	221	46	24	23	27	3.64995	5.22395	4.07438	0.170718	0.179417	0.263142	-0.770104	0.385806	-0.50803	-0.563488	-0.784726	0.258238	-0.299034	0.485139	0.821717	3554	0.00422018	0.189142	0.200498	all	0.046334	0.119316	0.437328	0.585219
808	255	238	33	31	31	37	5.39363	5.4317	4.05331	0.133072	0.228628	0.315088	0.410169	0.701104	-0.583278	-0.81949	0.564004	0.10166	0.400246	0.436293	0.805886	4227	0.00501934	0.313878	0.212430	all	0.0608575	0.169561	0.476047	0.851121
809	155	265	46	22	14	28	4.3179	5.6406	4.10199	0.102904	0.142687	0.269829	-0.0750412	-0.994417	-0.0741801	-0.929898	0.0966462	-0.354894	0.360082	0.0423483	-0.931959	1747	0.00207447	0.136115	0.158235	all	0.0609411	0.0815195	0.329928	0.669723
811	44	279	45	36	42	38	3.1957	5.92923	4.12734	0.16273	0.248101	0.466453	0.0631727	0.670755	-0.738983	-0.931792	0.304852	0.197051	0.357454	0.67613	0.644263	8304	0.00986056	0.402246	0.266053	all	0.0399617	0.28681	0.712318	0.402482
822	207	150	36	40	40	50	4.92033	4.54811	4.1153	0.189786	0.293496	0.479088	-0.627038	0.640302	-0.443663	-0.730259	-0.681438	0.0486258	-0.271194	0.354479	0.894874	11767	0.0139727	0.66365	0.298832	all	0.1166	0.37444	0.569573	0.772380
823	106	165	31	53	42	47	3.91516	4.71164	4.05395	0.210798	0.277734	0.479208	-0.160521	-0.750261	0.641359	-0.228726	-0.603824	-0.763598	0.960165	-0.269269	-0.0746771	12371	0.0146899	0.700515	0.303860	all	0.102962	0.41434	0.624517	0.690677
824	49	226	47	26	21	24	3.22259	5.26613	4.0962	0.151799	0.180685	0.217709	-0.557346	0.0616806	-0.827986	-0.210119	-0.975253	0.068787	-0.803253	0.212313	0.556514	2633	0.00312655	0.161357	0.181422	all	0.0214393	0.0974835	0.511078	0.655224
825	204	215	49	30	33	28	4.88065	5.24618	4.11714	0.104754	0.215013	0.351906	0.22361	0.53728	0.813221	-0.86667	0.491357	-0.0863237	-0.445962	-0.685491	0.575517	3495	0.00415013	0.239492	0.199383	all	0.164156	0.135691	0.305925	0.764981
827	416	240	42	39	39	32	7.13145	5.50656	4.06425	0.21701	0.278279	0.381849	0.108594	0.156744	-0.981651	0.531668	0.825232	0.190583	0.839963	-0.542608	0.00627926	10168	0.012074	0.483193	0.284632	all	0.0191053	0.268297	0.881077	0.800963
828	420	257	46	39	35	34	7.22581	5.67798	4.07235	0.173956	0.235423	0.365764	0.472728	0.829057	-0.298651	0.235414	0.207778	0.949425	0.849181	-0.519127	-0.0969492	6605	0.00784308	0.361735	0.246507	all	0.154076	0.191458	0.371151	0.889370
829	109	310	47	34	35	35	3.86524	6.26461	4.10814	0.194612	0.237484	0.33063	0.324468	-0.813132	0.483257	-0.879721	-0.0716772	0.470057	-0.34758	-0.57765	-0.738586	6738	0.00800101	0.373878	0.248151	all	0.053761	0.224764	0.571214	0.663425
830	133	316	47	21	30	31	4.04784	6.30663	4.10509	0.128537	0.173529	0.292214	0.957741	0.18501	0.220234	0.277967	-0.792151	-0.543352	0.0739333	0.581609	-0.810102	2874	0.00341272	0.224885	0.186796	all	0.00812321	0.124013	0.796616	0.813399
831	415	322	52	20	32	36	7.06831	6.35101	4.14413	0.118289	0.234591	0.320937	0.962069	0.0806219	-0.260622	-0.0293532	-0.919196	-0.392704	-0.271223	0.385458	-0.881964	3927	0.0046631	0.29018	0.207281	all	0.205711	0.16332	0.311309	0.776757
836	134	50	50	35	30	48	4.14861	3.45004	4.14159	0.207191	0.222437	0.394158	-0.54294	0.802798	-0.246439	-0.792706	-0.586809	-0.165142	-0.277188	0.105691	0.954985	8010	0.00951145	0.405513	0.262875	all	0.123947	0.241998	0.448661	0.675687
837	354	101	51	28	40	23	6.44209	4.08351	4.11005	0.139644	0.20227	0.254359	-0.187734	0.0948373	0.977631	-0.9747	-0.140918	-0.173501	0.121312	-0.985468	0.118893	3168	0.00376183	0.236184	0.192960	all	0.0295102	0.134601	0.539873	0.754697
839	335	169	52	24	26	19	6.23954	4.69652	4.11525	0.0953111	0.186747	0.21635	-0.389491	-0.519721	-0.760386	0.463989	0.602448	-0.649439	0.79562	-0.605762	0.00649649	1698	0.00201628	0.144017	0.156742	all	0.0844655	0.0802267	0.293556	0.795126
840	170	177	44	30	33	37	4.4856	4.82553	4.14691	0.213333	0.299766	0.359204	0.869886	0.0736557	-0.487723	0.201595	-0.955523	0.215255	-0.450176	-0.28557	-0.846045	10129	0.0120276	0.466892	0.284267	all	0.0478318	0.285835	0.669746	0.633432
843	166	323	37	35	35	49	4.51678	6.4229	4.15928	0.182151	0.241139	0.378306	-0.295232	0.79959	0.522967	-0.925934	-0.374398	0.0497154	0.23555	-0.469555	0.850902	7327	0.00870042	0.475439	0.255180	all	0.0870061	0.276993	0.540102	0.716430
847	110	82	50	30	29	20	3.85658	3.78271	4.09146	0.150504	0.220763	0.284491	0.204888	-0.230266	-0.951314	-0.618877	0.72251	-0.308173	0.758296	0.651887	0.0055278	4168	0.00494928	0.224371	0.211437	all	0.0252192	0.161086	0.622362	0.392865
848	219	211	51	31	28	34	5.03881	5.14184	4.15429	0.164269	0.201584	0.390029	0.630588	0.416736	0.654743	-0.568692	0.822188	0.024399	-0.528155	-0.387733	0.755457	5695	0.00676251	0.300692	0.234623	all	0.101555	0.196329	0.431866	0.531572
849	275	226	44	33	36	32	5.66169	5.36644	4.09151	0.217997	0.291732	0.314841	-0.550698	0.163638	-0.818507	-0.472904	0.746871	0.467489	0.687818	0.64452	-0.333915	8829	0.010484	0.419125	0.271546	all	0.133384	0.26183	0.455407	0.600752
850	113	262	47	25	26	36	3.86688	5.69003	4.12921	0.147828	0.195904	0.294288	0.700088	0.646074	-0.304081	-0.661727	0.747033	0.0637065	0.268318	0.156619	0.950514	3758	0.00446242	0.28828	0.204263	all	0.0736759	0.156269	0.428797	0.844768
851	102	347	52	17	22	24	3.72704	6.56766	4.12542	0.114874	0.197095	0.235889	0.92347	0.356168	-0.142646	0.0268346	-0.430841	-0.902029	-0.382732	0.829168	-0.407426	2355	0.00279644	0.147601	0.174798	all	0.062763	0.0908351	0.344866	0.624934
852	98	364	46	40	40	45	3.80346	6.82551	4.12497	0.306418	0.319396	0.359381	-0.601917	-0.660815	0.448352	-0.349029	-0.287281	-0.891991	0.718244	-0.693392	-0.0577249	15509	0.0184161	0.609118	0.327642	all	0.182263	0.39635	0.50493	0.536818
853	255	401	51	26	31	19	5.34543	7.15639	4.10041	0.121717	0.225716	0.245991	0.289989	-0.0904834	-0.952743	-0.921295	0.243105	-0.303505	0.259079	0.96577	-0.0128642	2980	0.00353859	0.201601	0.189065	all	0.035084	0.11198	0.464827	0.800330
854	74	430	52	17	28	22	3.42846	7.46503	4.13337	0.0936062	0.15912	0.237678	0.922735	-0.0256405	0.384581	-0.366571	-0.366704	0.855075	0.119103	-0.929984	-0.34777	1561	0.0018536	0.153642	0.152407	all	0.0454253	0.076701	0.35296	1.003129
860	38	57	48	37	24	28	3.16728	3.50057	4.12832	0.141009	0.179074	0.324404	0.143159	0.951509	-0.272281	0.377925	0.20171	0.903596	0.914701	-0.23226	-0.330722	3612	0.00428906	0.264384	0.201583	all	0.0140094	0.141656	0.709963	0.866381
861	317	88	52	22	12	23	6.0015	3.77011	4.12701	0.0901993	0.140353	0.209593	0.243323	-0.968901	0.0449982	-0.764629	-0.220153	-0.605702	0.596772	0.112974	-0.794418	1170	0.00138931	0.101326	0.138442	all	0.0368506	0.0553508	0.321493	0.830615
862	371	150	44	38	26	32	6.67346	4.49426	4.11102	0.131583	0.164033	0.474922	0.180351	0.873715	-0.451769	0.675223	0.224005	0.702778	0.715226	-0.431792	-0.549553	4520	0.00536726	0.25709	0.217229	all	0.0402154	0.18277	0.56743	0.406631
863	454	295	54	22	33	24	7.46615	6.05233	4.12481	0.135623	0.23812	0.303157	-0.711918	0.0177623	-0.702038	-0.58595	-0.566046	0.579874	-0.387086	0.824182	0.413387	4317	0.00512621	0.225008	0.213927	all	0.0813122	0.155432	0.413818	0.447630
864	46	381	51	29	29	42	3.1999	6.98523	4.22619	0.128002	0.198449	0.339351	0.477581	0.870679	0.117623	0.775278	-0.354644	-0.522659	-0.413354	0.340803	-0.844389	3801	0.00451348	0.289736	0.205040	all	0.141509	0.153413	0.341791	0.888601
865	87	422	49	21	23	31	3.57424	7.37072	4.15622	0.142723	0.167072	0.268872	-0.5564	0.824116	-0.10607	-0.830738	-0.55436	0.0505901	-0.0171085	0.116264	0.993071	2827	0.00335691	0.198055	0.185772	all	0.0456647	0.121351	0.443186	0.632084
868	355	148	46	26	21	30	6.47448	4.45336	4.1339	0.137495	0.216711	0.269128	-0.649705	-0.59788	-0.469492	0.506599	-0.801001	0.31899	-0.566782	-0.030595	0.8233	3536	0.00419881	0.184929	0.200159	all	0.102036	0.117828	0.33404	0.569483
871	320	265	37	44	33	43	6.14831	5.76966	4.07896	0.224297	0.263911	0.461544	0.534518	-0.666651	0.519487	-0.362409	-0.736079	-0.571706	0.763512	0.11732	-0.635048	12047	0.0143052	0.603171	0.301184	all	0.00133418	0.389785	2.57889	0.547445
872	239	309	54	29	31	21	5.22652	6.21109	4.13457	0.10452	0.17494	0.252649	0.627382	-0.431207	0.648423	0.585763	-0.287339	-0.757838	0.513102	0.855276	0.0723133	2037	0.00241883	0.195549	0.166547	all	0.0213478	0.0980817	0.513374	0.993736
876	418	344	47	29	30	40	7.1459	6.54663	4.14057	0.194271	0.216392	0.340945	-0.827848	-0.223638	-0.514444	0.147669	-0.971628	0.184752	-0.541166	0.0769789	0.837385	6320	0.00750466	0.336745	0.242909	all	0.0721507	0.199676	0.488099	0.686457
877	253	357	43	36	30	39	5.35156	6.73645	4.13702	0.113634	0.186596	0.33734	-0.651202	0.0362674	-0.758038	0.306798	-0.901017	-0.306666	-0.694126	-0.432266	0.575617	3154	0.00374521	0.267135	0.192675	all	0.0585952	0.133583	0.427904	0.999768
878	440	422	55	19	28	30	7.30216	7.37686	4.17206	0.115579	0.18169	0.294395	0.989343	0.00768172	0.145401	0.0831291	-0.849659	-0.52074	0.119541	0.527277	-0.841242	2726	0.00323698	0.212917	0.183533	all	0.141411	0.108816	0.287923	0.956670
880	451	466	52	21	31	35	7.40782	7.8429	4.17832	0.0935113	0.24147	0.289455	0.845225	0.487496	0.218956	-0.507782	0.604889	0.613406	0.166589	-0.629649	0.758809	2882	0.00342222	0.23601	0.186969	all	0.22436	0.120804	0.260106	0.953660
882	61	72	56	17	20	22	3.30224	3.63178	4.17689	0.104089	0.181686	0.204342	0.834857	0.00100418	0.550466	-0.0410488	-0.9971	0.0640751	0.548934	-0.0760895	-0.832395	1704	0.00202341	0.122117	0.156926	all	0.0486238	0.0714236	0.332963	0.709757
883	351	160	43	21	25	30	6.39078	4.60265	4.08853	0.134248	0.158257	0.293868	0.592546	0.756986	0.275432	-0.801209	0.589237	0.104233	-0.0833912	-0.282441	0.955653	2753	0.00326904	0.188817	0.184137	all	0.0836702	0.108887	0.343075	0.734064
884	429	147	51	58	45	37	7.39111	4.56067	4.18857	0.19662	0.364701	0.454948	0.50955	0.0337841	0.859777	-0.174594	0.982501	0.0648676	-0.842541	-0.183166	0.506533	14385	0.0170814	0.704268	0.319528	all	0.101774	0.433299	0.641119	0.625363
885	86	188	46	44	35	38	3.65377	4.93113	4.11608	0.278813	0.300315	0.401208	0.0863147	-0.929036	-0.35978	-0.458965	0.283444	-0.842028	0.884252	0.237806	-0.401929	14813	0.0175896	0.503452	0.322665	all	0.0214472	0.371573	0.997678	0.354921
886	56	189	50	31	36	26	3.32244	4.97235	4.11838	0.138713	0.215634	0.352713	-0.0471981	-0.586426	0.808627	0.903079	-0.371003	-0.216345	0.426873	0.720043	0.5471	4652	0.005524	0.249277	0.219323	all	0.00562575	0.167436	1.04622	0.488790
887	157	203	58	25	18	25	4.3341	5.00687	4.1842	0.0982394	0.174382	0.238948	0.529546	0.822999	-0.205556	0.522699	-0.507426	-0.685058	-0.668107	0.255326	-0.698886	1805	0.00214334	0.142893	0.159967	all	0.0626973	0.0794042	0.32255	0.799565
888	227	250	56	27	46	31	5.10094	5.64951	4.17312	0.176239	0.246555	0.385226	0.969783	0.186693	-0.157056	-0.139088	-0.105812	-0.984611	-0.200438	0.976703	-0.076648	7381	0.00876454	0.365821	0.255806	all	0.0508441	0.239119	0.600231	0.529870
889	217	282	54	27	24	21	4.97774	5.89907	4.13042	0.137164	0.192808	0.208895	0.359604	0.571082	-0.737936	0.730965	0.319144	0.603189	0.579979	-0.756315	-0.302675	2436	0.00289262	0.144007	0.176779	all	0.0031812	0.0889165	0.921975	0.619576
890	62	363	56	46	26	37	3.4549	6.76931	4.22213	0.16198	0.186932	0.451187	0.326508	-0.894908	0.304191	-0.427188	-0.426801	-0.79709	0.843151	0.13031	-0.521648	6024	0.00715318	0.444041	0.239056	all	0.142367	0.243544	0.429778	0.823248
891	446	440	54	28	32	33	7.41829	7.58868	4.15101	0.17916	0.241667	0.305631	0.830127	0.0104437	0.557477	0.159201	0.953764	-0.25493	-0.534364	0.300375	0.790082	5835	0.00692875	0.300903	0.236530	all	0.0268569	0.18977	0.661486	0.585619
897	34	109	50	39	36	40	3.13785	4.07848	4.14738	0.223954	0.285749	0.372774	-0.480188	-0.83289	0.275161	-0.123617	-0.246306	-0.961276	0.868411	-0.495608	0.0153137	10519	0.0124907	0.511668	0.287870	all	0.0214718	0.326266	0.934518	0.568254
899	199	245	54	25	23	23	4.81828	5.49058	4.12866	0.127388	0.202832	0.231716	0.576198	-0.585376	-0.570378	0.495686	0.805162	-0.325591	0.64984	-0.0951239	0.754095	2640	0.00313486	0.172654	0.181582	all	0.030759	0.102692	0.465088	0.681280
905	247	43	45	25	41	31	5.28631	3.44146	4.12859	0.136376	0.166409	0.379938	-0.0199449	0.366655	-0.930143	-0.985326	-0.164945	-0.0438917	-0.169515	0.915619	0.364565	3802	0.00451467	0.316396	0.205058	all	0.00238208	0.160976	1.36611	0.965486
906	146	97	59	32	20	32	4.26293	3.87136	4.26207	0.0986522	0.136527	0.312345	-0.611873	0.536064	-0.58159	-0.488982	-0.834321	-0.254568	-0.621698	0.128624	0.772624	1855	0.00220271	0.168511	0.161431	all	0.0136415	0.0883019	0.56553	0.908351
907	58	111	47	33	41	35	3.36063	4.14712	4.16389	0.187602	0.222064	0.434686	0.814517	-0.0328933	0.579206	0.434206	0.696689	-0.571043	-0.384743	0.716619	0.581748	7985	0.00948176	0.36544	0.262601	all	0.0342399	0.265782	0.721954	0.374961
908	280	112	58	38	35	31	5.64981	4.07266	4.18591	0.12466	0.231924	0.297762	-0.0321342	0.623079	0.781499	-0.997676	-0.0669957	0.0123916	0.060078	-0.779285	0.623784	3796	0.00450755	0.303791	0.204950	all	0.169682	0.166306	0.334965	0.826699
909	217	307	60	22	21	17	4.95357	6.11579	4.16926	0.101846	0.177007	0.204551	0.292608	-0.401069	0.868058	-0.92813	-0.337583	0.156884	0.23012	-0.851576	-0.471024	1626	0.00193079	0.13444	0.154494	all	0.0144303	0.0789445	0.524799	0.702969
912	55	86	36	38	28	44	3.34801	3.83808	4.1236	0.17641	0.272057	0.37675	0.303282	0.949781	-0.0770493	0.800273	-0.297765	-0.52048	-0.517284	0.0961919	-0.850391	7973	0.00946751	0.443134	0.262470	all	0.137432	0.299328	0.482098	0.480429
915	96	302	60	16	19	23	3.64398	6.06873	4.22093	0.0694444	0.169636	0.224471	0.709525	-0.68477	-0.166324	-0.687369	-0.620546	-0.37742	0.155234	0.382115	-0.910983	1166	0.00138456	0.108068	0.138284	all	0.0023175	0.0570058	0.820435	0.895737
918	86	396	52	25	30	27	3.55733	7.1132	4.16535	0.152833	0.217709	0.282382	0.888709	0.449152	-0.0919717	0.136344	-0.0673904	0.988367	0.437729	-0.89091	-0.12113	4143	0.00491959	0.250779	0.211013	all	0.0616156	0.146197	0.440214	0.715350
919	162	390	51	27	36	29	4.39571	7.12241	4.15322	0.156124	0.223763	0.299915	0.851445	-0.0763379	-0.518858	0.428184	-0.470071	0.771811	-0.302818	-0.879321	-0.367553	4620	0.005486	0.318182	0.218819	all	0.00493398	0.1796	1.132	0.771615
920	125	426	54	20	19	23	3.97999	7.38465	4.16573	0.110641	0.151892	0.197023	0.669416	0.688549	0.278897	0.112861	-0.465325	0.877915	0.734265	-0.556213	-0.389207	1460	0.00173367	0.123608	0.149047	all	0.0885912	0.0665941	0.263236	0.856140
923	300	87	55	20	18	23	5.82726	3.78494	4.17045	0.148842	0.178272	0.219996	-0.477358	0.751795	-0.4549	-0.80827	-0.578762	-0.108322	-0.344715	0.315973	0.88393	2574	0.00305649	0.142528	0.180056	all	0.022633	0.095764	0.497483	0.488325
924	116	152	60	32	31	29	3.93512	4.5398	4.19874	0.148825	0.252221	0.283113	0.176668	-0.641802	-0.746243	-0.714412	0.437911	-0.545756	0.677055	0.629542	-0.381146	4686	0.00556437	0.323429	0.219856	all	0.0606603	0.1782	0.488551	0.814978
928	49	253	54	37	46	41	3.24992	5.67155	4.20616	0.2269	0.302832	0.425532	0.830891	-0.309027	-0.462733	0.1774	-0.641091	0.746681	-0.527398	-0.702499	-0.477855	12893	0.0153097	0.514432	0.308075	all	0.0314071	0.373034	0.880285	0.379049
929	188	357	57	31	23	30	4.68896	6.64432	4.20993	0.129132	0.228446	0.27622	-0.309171	-0.927479	0.210228	0.00230327	-0.221788	-0.975092	0.951004	-0.300986	0.0707067	3593	0.0042665	0.25556	0.201229	all	0.135996	0.144203	0.335792	0.772224
930	217	358	63	24	29	20	4.98164	6.69048	4.20853	0.0886674	0.138534	0.314604	0.33344	0.366372	0.868671	-0.832149	0.54744	0.0885322	-0.443109	-0.752384	0.487415	1704	0.00202341	0.142869	0.156926	all	0.0736409	0.0825529	0.31171	0.730636
931	234	358	63	26	31	21	5.16391	6.72131	4.20987	0.11481	0.176994	0.300324	-0.468402	0.502429	0.726749	-0.779672	0.151857	-0.607496	-0.415586	-0.851178	0.3206	2691	0.00319542	0.197965	0.182744	all	0.0538339	0.11789	0.413502	0.679235
932	130	381	47	36	41	42	4.12535	6.96343	4.16307	0.203857	0.313379	0.404089	0.80789	-0.449173	-0.38152	-0.126441	-0.764409	0.632211	-0.57561	-0.462517	-0.674352	11383	0.0135167	0.495498	0.295545	all	0.0536241	0.349854	0.71326	0.416299
934	468	438	53	28	25	33	7.64777	7.55865	4.17938	0.146325	0.206356	0.335878	0.693511	0.707325	0.136871	0.422802	-0.553408	0.71762	0.583336	-0.439808	-0.682853	4472	0.00531026	0.269802	0.216457	all	0.0884408	0.159168	0.407194	0.695077
937	208	74	61	26	22	30	4.90487	3.65034	4.24976	0.120576	0.193387	0.311129	-0.742472	0.531448	-0.407798	-0.527975	-0.838934	-0.132033	-0.412284	0.117276	0.903476	3199	0.00379864	0.202103	0.193587	all	0.0681857	0.116186	0.379405	0.739478
940	148	155	55	40	42	41	4.33673	4.59825	4.21801	0.19462	0.338686	0.399175	0.424088	0.700492	0.573987	-0.890669	0.437309	0.124377	-0.163885	-0.563979	0.809364	11602	0.0137768	0.543365	0.297429	all	0.146649	0.383886	0.534277	0.415433
941	53	176	53	31	32	41	3.3068	4.78845	4.23993	0.224236	0.294459	0.379221	-0.823473	0.509609	-0.249383	-0.553671	-0.817776	0.157135	-0.123862	0.267472	0.955571	11041	0.0131106	0.419162	0.292555	all	0.027896	0.286994	0.803243	0.460525
942	411	179	51	26	21	29	7.04118	4.80319	4.17559	0.125002	0.220986	0.256474	0.181955	0.93136	0.315373	-0.95208	0.247055	-0.180298	-0.245837	-0.267454	0.931683	3124	0.00370958	0.196807	0.192062	all	0.104742	0.12515	0.341271	0.572569
943	396	197	54	31	35	28	6.893	5.0298	4.20163	0.190606	0.271352	0.352008	-0.11625	-0.257615	0.959229	-0.834492	-0.498403	-0.234986	0.538618	-0.827786	-0.157038	8028	0.00953282	0.307775	0.263072	all	0.0326807	0.217561	0.663414	0.414661
945	137	410	56	26	21	21	4.13813	7.21781	4.17916	0.105364	0.150488	0.217974	0.351961	0.550111	0.757298	-0.472374	-0.594088	0.651093	0.808076	-0.586888	0.050762	1524	0.00180967	0.142921	0.151194	all	0.03756	0.0716193	0.363383	0.995565
948	76	64	56	29	31	31	3.52508	3.6306	4.20787	0.241644	0.269197	0.299965	0.43491	0.542948	0.718374	-0.845972	-0.0269711	0.532544	0.308519	-0.839333	0.44759	8604	0.0102168	0.310313	0.269219	all	0.00597273	0.257482	1.27177	0.205183
950	51	152	58	35	27	21	3.31503	4.53467	4.18284	0.157328	0.232717	0.313796	0.0943956	0.418823	0.903148	-0.35436	-0.833647	0.42363	0.930332	-0.360029	0.0697217	5066	0.0060156	0.276664	0.225646	all	0.125535	0.174519	0.379394	0.585294
951	433	175	54	20	23	29	7.24308	4.76617	4.20644	0.137838	0.176566	0.293248	0.557699	0.621542	0.550143	-0.765229	0.641759	0.050692	-0.321552	-0.449256	0.833531	3147	0.00373689	0.178782	0.192532	all	0.109357	0.110138	0.315581	0.623254
952	241	224	61	19	30	21	5.1699	5.32	4.2168	0.117934	0.166531	0.271592	0.905194	-0.272966	0.32575	-0.398714	-0.280059	0.873266	-0.147142	-0.920357	-0.362343	2352	0.00279287	0.15824	0.174723	all	0.0439043	0.0917638	0.390473	0.724427
955	52	398	41	35	35	43	3.34462	7.15485	4.15811	0.161251	0.210887	0.38994	0.179972	0.74919	0.637436	-0.900809	0.385847	-0.199161	-0.395162	-0.538364	0.744319	5847	0.006943	0.356618	0.236692	all	0.0301337	0.212468	0.673577	0.678455
956	232	406	65	27	32	24	5.17435	7.23958	4.22626	0.109821	0.194994	0.298119	-0.685723	-0.430916	0.586597	-0.469268	-0.354322	-0.808853	0.556392	-0.82992	0.0407516	2815	0.00334266	0.203603	0.185509	all	0.0473807	0.117326	0.430448	0.735361
961	125	69	59	34	25	30	4.05159	3.61314	4.21244	0.196234	0.249536	0.332948	0.232822	-0.965564	0.116106	-0.474612	-0.00860483	0.880153	-0.848845	-0.260024	-0.460271	7189	0.00853655	0.31239	0.253568	all	0.0386347	0.206247	0.610884	0.514640
964	399	155	59	30	37	33	6.9319	4.59236	4.24115	0.203124	0.218255	0.346065	0.821511	-0.139195	0.552942	-0.568118	-0.282463	0.772953	0.0485948	-0.949126	-0.311126	6765	0.00803308	0.329703	0.248482	all	0.0281833	0.225778	0.710016	0.460297
965	382	163	58	33	28	22	6.75582	4.66007	4.18629	0.141463	0.237264	0.269597	0.110033	0.164368	0.980243	-0.117752	0.981441	-0.151352	-0.986928	-0.0987719	0.127345	3990	0.00473791	0.219973	0.208383	all	0.0588136	0.138012	0.434401	0.593869
966	407	221	54	27	39	34	6.98883	5.28506	4.2061	0.18224	0.240848	0.29968	0.940696	-0.185309	0.284169	0.282699	-0.0348777	-0.958574	0.187543	0.982061	0.0195773	5800	0.00688719	0.315304	0.236056	all	0.015794	0.201139	0.812848	0.567593
967	250	248	56	27	26	38	5.31633	5.53171	4.24704	0.151419	0.225406	0.326849	-0.372956	-0.902214	0.216597	-0.697605	0.426575	0.575658	-0.611761	0.0635963	-0.788482	4919	0.00584105	0.262959	0.223442	all	0.106604	0.169971	0.395385	0.547082
968	257	375	62	43	27	32	5.47467	6.92152	4.2674	0.116653	0.19923	0.337922	0.223279	-0.863843	0.451577	0.133114	-0.43191	-0.892039	0.965623	0.259285	0.0185537	3463	0.00411213	0.282442	0.198772	all	0.0985151	0.148726	0.379709	0.899076
970	169	84	55	28	26	32	4.46299	3.77658	4.21705	0.113899	0.258397	0.283799	0.728004	0.679749	0.08917	0.48035	-0.59855	0.641094	0.489156	-0.423887	-0.762264	3683	0.00437337	0.252297	0.202896	all	0.130195	0.143865	0.340307	0.753707
974	89	434	58	37	36	36	3.71483	7.52203	4.27823	0.170994	0.241524	0.350948	0.48886	-0.651219	0.580457	0.387975	0.758259	0.523945	-0.78134	-0.0309333	0.623339	6391	0.00758897	0.405791	0.243816	all	0.0133696	0.234639	0.928079	0.729427
978	386	111	56	36	41	51	6.85408	4.18191	4.32261	0.231479	0.277164	0.489113	0.207134	-0.915248	-0.345567	0.97309	0.156298	0.169311	-0.10095	-0.371338	0.922994	13837	0.0164307	0.696195	0.315418	all	0.0728523	0.409463	0.696708	0.700264
979	44	136	65	27	26	17	3.14844	4.34448	4.23899	0.113484	0.190806	0.237329	0.525904	0.124215	-0.841425	-0.549738	-0.705229	-0.447705	-0.649009	0.698013	-0.302597	2266	0.00269075	0.168265	0.172567	all	0.0348659	0.0875386	0.411836	0.922181
981	288	219	66	11	16	18	5.65801	5.17365	4.23417	0.0739824	0.1109	0.182985	0.753008	0.529969	0.390015	0.657221	-0.57671	-0.485248	-0.0322412	0.621722	-0.782574	662	0.00078609	0.0647281	0.114505	all	0.0463182	0.036479	0.24184	0.774393
983	163	351	61	25	26	27	4.42307	6.63166	4.22701	0.1449	0.217527	0.229594	0.804974	0.549825	0.222957	-0.159001	-0.162127	0.973876	0.571608	-0.819395	-0.043085	3191	0.00378914	0.199577	0.193426	all	0.0686616	0.128859	0.398637	0.548801
985	138	417	55	33	31	39	4.20123	7.37926	4.2444	0.201333	0.241025	0.354154	0.443426	0.870791	-0.212358	0.564703	-0.0874299	0.82065	0.696048	-0.483817	-0.530508	7578	0.00899847	0.373484	0.258062	all	0.119651	0.241614	0.453607	0.545788
989	180	68	65	18	13	27	4.55562	3.57038	4.27596	0.0795856	0.132197	0.223746	0.390965	0.916228	0.0875952	-0.91742	0.395587	-0.0430212	-0.0740688	-0.0635418	0.995227	1038	0.00123257	0.105067	0.133026	all	0.061927	0.0535855	0.266065	0.960736
990	266	69	57	36	39	34	5.55822	3.74562	4.2466	0.226908	0.274917	0.411211	0.482817	-0.638952	-0.598856	-0.655894	0.189266	-0.73074	0.580251	0.7456	-0.327704	11311	0.0134312	0.438558	0.294921	all	0.0661409	0.303819	0.619787	0.443484
991	134	168	62	29	29	31	4.13974	4.70377	4.24896	0.130474	0.220303	0.264627	0.54769	-0.446815	-0.707384	0.637942	0.770048	0.00752825	0.541356	-0.455393	0.706789	3354	0.0039827	0.225432	0.196665	all	0.0689807	0.119746	0.38369	0.882585
993	343	213	68	21	15	17	6.28192	5.10827	4.26126	0.0944195	0.177292	0.186145	0.159057	0.708858	0.687183	-0.321811	-0.620803	0.714872	0.933348	-0.334849	0.129375	1374	0.00163155	0.101963	0.146061	all	0.0646337	0.0641211	0.286928	0.590163
994	65	212	56	36	46	35	3.43694	5.25394	4.23302	0.292463	0.311349	0.384268	0.439512	-0.071869	-0.895357	0.863453	0.308512	0.399086	0.247546	-0.948502	0.19765	15429	0.0183211	0.51008	0.327078	all	0.0558379	0.397475	0.750072	0.283301
995	198	227	62	34	27	26	4.84978	5.33267	4.24072	0.15857	0.224843	0.290819	-0.0542709	-0.253746	0.965747	0.143269	-0.959144	-0.24396	0.988195	0.125121	0.0884074	4572	0.00542901	0.276483	0.218059	all	0.00152553	0.16588	1.60885	0.666765
996	273	254	65	20	16	22	5.55427	5.53971	4.26217	0.103911	0.170563	0.201792	0.4014	-0.849602	0.342133	-0.86203	-0.476665	-0.172321	0.309487	-0.22576	-0.923715	1577	0.0018726	0.121266	0.152926	all	0.0351058	0.0739903	0.377763	0.638945
997	204	295	66	24	19	24	4.83476	6.0134	4.26659	0.103395	0.183739	0.24257	-0.0112846	0.872378	-0.488701	-0.999896	-0.0054384	0.0133806	0.00901516	0.488801	0.872349	2032	0.00241289	0.137076	0.166410	all	0.0461632	0.0822916	0.363639	0.665735
998	91	318	67	30	36	26	3.71065	6.3123	4.28454	0.151456	0.200924	0.320528	0.841571	-0.418423	0.341584	0.112062	-0.483382	-0.868207	0.528394	0.768937	-0.359911	4301	0.00510721	0.266216	0.213663	all	0.000975928	0.158418	1.82468	0.680466
999	413	355	61	39	42	28	7.14076	6.73535	4.23722	0.193164	0.281867	0.384955	0.252807	0.235273	0.938475	-0.637804	-0.688855	0.344506	0.727526	-0.685657	-0.0240893	9242	0.0109744	0.501824	0.275715	all	0.233527	0.280503	0.391094	0.789015
1000	140	363	52	39	29	45	4.21713	6.77509	4.23717	0.195859	0.312732	0.440307	0.282212	-0.958783	-0.0330366	-0.929513	-0.26475	-0.256734	0.237405	0.103161	-0.965917	11892	0.0141211	0.504554	0.299886	all	0.204458	0.341511	0.451085	0.477417
1002	231	433	67	25	33	34	5.12963	7.51281	4.34776	0.11453	0.183926	0.30231	0.628998	0.67244	-0.390112	0.769253	-0.465872	0.437279	0.112301	-0.575142	-0.810309	2808	0.00333435	0.224366	0.185355	all	0.101262	0.128491	0.349714	0.746161
1003	159	430	59	31	37	41	4.38624	7.51852	4.27065	0.189271	0.229991	0.432881	-0.86433	0.0438028	-0.501013	0.144302	-0.932713	-0.33049	-0.481778	-0.35795	0.799851	8309	0.00986649	0.416093	0.266106	all	0.0166575	0.272105	0.928802	0.529163
1008	87	99	58	25	34	31	3.58318	4.01438	4.23461	0.160465	0.264224	0.356236	0.807811	0.0210843	-0.589064	-0.45316	-0.616869	-0.64352	-0.376944	0.786783	-0.48876	6660	0.00790839	0.296732	0.247189	all	0.04797	0.183113	0.535543	0.620486
1011	197	176	69	23	21	13	4.74913	4.74971	4.25488	0.10084	0.190233	0.199086	0.0761405	-0.249403	0.965402	-0.564485	-0.808896	-0.164451	0.821924	-0.532433	-0.202374	1684	0.00199966	0.116548	0.156310	all	0.043495	0.0671847	0.335156	0.734740
1012	363	203	55	40	37	41	6.58354	5.09899	4.2205	0.226203	0.300726	0.474006	0.332414	0.721351	0.60758	0.742817	0.196706	-0.639945	-0.58114	0.664047	-0.470444	14218	0.0168831	0.483758	0.318286	all	0.113437	0.339635	0.547452	0.424347
1013	212	244	62	30	32	30	4.9821	5.5187	4.25556	0.160567	0.205694	0.326503	-0.0338838	0.721021	-0.692085	-0.961465	-0.212557	-0.174371	-0.272833	0.659507	0.700438	4755	0.00564631	0.253308	0.220930	all	0.0182801	0.173769	0.719589	0.457728
1014	194	311	66	24	34	19	4.71579	6.23024	4.25413	0.120758	0.170943	0.354304	-0.262623	-0.135078	-0.955397	0.859318	0.417609	-0.295255	0.438864	-0.89853	0.00640114	3225	0.00382952	0.218588	0.194110	all	0.0905517	0.132011	0.367929	0.655832
1015	159	342	67	22	23	29	4.36631	6.50623	4.33584	0.100996	0.157629	0.263969	-0.796122	0.326402	-0.50956	-0.446125	-0.885509	0.129794	-0.408855	0.330659	0.850589	1853	0.00220034	0.180416	0.161373	all	0.0259416	0.0906621	0.462528	0.989983
1016	434	381	59	21	20	29	7.24879	6.90208	4.2516	0.136956	0.188868	0.264078	0.67301	0.714512	0.191129	-0.697759	0.699058	-0.156365	-0.245335	-0.0281273	0.96903	3012	0.00357659	0.180877	0.189739	all	0.0685844	0.112324	0.372323	0.610315
1017	245	385	64	24	28	29	5.27782	7.00947	4.24602	0.145746	0.216339	0.246274	0.9277	0.080125	-0.364627	0.346714	-0.547067	0.76191	-0.138427	-0.833245	-0.535294	3424	0.00406582	0.203436	0.198023	all	0.0618789	0.121735	0.40113	0.671138
1018	69	413	66	25	52	32	3.43136	7.42044	4.29296	0.12886	0.214591	0.48511	0.953144	0.20239	-0.224845	0.254043	-0.131942	0.958151	0.164253	-0.970376	-0.177176	5915	0.00702375	0.441026	0.237606	all	0.05308	0.252531	0.608049	0.746423
1023	117	86	67	33	32	20	3.95843	3.82097	4.26131	0.125502	0.235307	0.276077	-0.312029	-0.0834903	0.946397	-0.639716	-0.718015	-0.274258	0.702426	-0.691002	0.170632	3595	0.00426887	0.297968	0.201266	all	0.0740807	0.147717	0.416138	1.017154
1024	258	106	65	29	21	31	5.42867	3.99606	4.28003	0.148395	0.20454	0.251795	0.274777	-0.92966	0.245418	0.860399	0.351673	0.368835	-0.429198	0.10981	0.89651	3370	0.00400169	0.228366	0.196977	all	0.0236348	0.13729	0.58712	0.663384
1026	147	180	68	24	42	28	4.22626	4.89434	4.29259	0.156972	0.18717	0.310454	0.743081	0.150954	0.651954	0.661614	-0.312015	-0.681846	0.100492	0.938008	-0.331726	4022	0.00477591	0.251526	0.208939	all	0.0221423	0.142758	0.611858	0.761905
